10.77506 65.95675
-3.33646 -35.87678
-61.91717 46.86190
-31.67070 -34.47971
68.10932 -24.55822
-27.78326 -64.20555
-1.80006 -38.96184
-6.40809 72.74137
3.89300 80.08293
57.11280 -57.50400
93.24370 -40.27766
70.52999 -29.52021
61.36615 10.35253
42.71440 -41.19645
17.75825 88.97105
66.88224 -34.69489
69.37928 -26.76401
64.41262 -57.59373
91.43306 -13.90242
-2.63978 75.19478
53.78960 -37.54224
-22.52427 94.10316
78.61217 -18.16661
31.21502 90.69326
-107.96937 -88.06180
26.99175 26.78682
-35.11266 -70.78825
67.01223 -79.43320
22.93216 77.27845
84.83048 -41.99194
28.36494 -41.92309
31.35347 90.77395
-118.90855 63.55025
-114.48784 -3.31871
2.76891 95.01367
57.22925 -53.83774
-117.56692 -84.03121
-3.55928 102.83649
-61.26115 31.47582
9.08707 -47.00463
12.06849 -60.66063
-100.97725 -95.78786
-141.64976 56.12754
52.33173 -32.04506
-87.85035 -76.37574
-110.47413 -97.91570
-116.71852 60.47646
55.32875 -42.40744
77.62859 7.35226
81.65031 4.06649
53.09692 50.65300
-2.29846 65.68274
-98.64044 59.03098
57.22997 -10.73131
58.22727 -60.60545
60.41186 -34.16374
-70.28057 -88.76429
60.16275 -82.58000
27.93483 95.76745
-111.76629 -50.16591
-121.13387 54.09174
-124.41047 71.46054
-112.95764 75.44228
-18.81587 -79.27577
-4.50867 -47.19211
-113.06343 -69.27360
-54.73864 52.97160
76.43406 -33.10931
-92.74260 -85.58764
36.13289 -41.68641
88.38058 -21.88135
-22.26484 -24.40943
-8.84977 11.09636
-84.69554 -19.10609
14.61926 101.78279
-86.90450 -0.75145
94.18894 -25.10077
-121.79346 -27.55260
-86.89952 -95.16949
87.89908 6.16506
47.41213 58.54158
-119.54825 73.38226
64.53478 -1.04293
-136.17866 60.23158
78.65218 -29.68518
-98.28489 93.25467
-27.70813 -56.32445
-10.13998 -6.18678
6.44879 102.34878
-72.77605 3.30764
-105.88723 -75.42644
-74.01183 -91.57859
-39.46729 -93.68925
64.79463 -84.43415
-116.79027 -67.37536
-61.30734 -61.83032
83.24996 -34.64693
-91.09613 -84.97439
64.01701 -31.19536
-54.13254 -77.31772
-18.25610 -32.75125
20.53076 87.63155
0.16842 30.59893
-113.45606 -84.12791
-116.38220 67.38360
84.98727 -53.33390
-21.02298 9.03385
86.65733 -33.22040
-34.65077 14.51251
81.08579 3.79071
54.05147 -86.68639
63.24114 -29.03474
9.31434 -66.54695
13.08135 87.27331
20.51237 101.30866
15.82440 100.70682
95.50527 -47.38436
-7.88488 9.37810
-19.05005 -70.81688
14.81428 17.58065
-33.21827 89.68358
52.65231 -62.04123
54.43674 -50.43464
-63.60739 32.53970
-108.39012 82.17759
-4.18355 -76.49712
-1.60388 20.67531
-11.42402 -65.38919
1.47798 -0.43928
-2.53705 10.11453
75.87034 -3.09780
-17.30605 -48.29731
12.41378 104.56474
-13.30410 91.30604
-1.41019 -49.28344
-118.34645 -68.93363
-14.01765 -67.69209
65.16497 -70.55815
59.40721 59.09284
58.65261 -7.53031
102.69123 -46.65553
-11.20687 -54.64963
70.63770 -21.88027
-11.52350 5.70137
-59.98384 46.38925
-17.79990 -24.73878
7.70236 -76.72855
66.76993 -64.75485
-111.75205 -74.83590
68.65441 -35.57918
62.59029 22.71713
-134.68277 65.39317
-15.89048 -36.79765
78.58969 -54.33831
-13.38982 -15.47340
-119.26843 -65.05142
7.14196 84.37862
-27.46964 70.95091
44.15140 -42.61499
34.99786 103.30137
85.05333 -23.85562
-81.65651 -16.89529
62.99511 -31.35784
-41.02040 -19.69659
74.22958 -14.72018
85.68200 -29.57272
-17.41583 -39.17925
-16.55478 -2.99688
-35.80108 -89.39746
53.39106 -34.45772
-1.52193 101.75198
63.49078 -11.63975
44.99088 -78.83428
12.71610 1.83071
84.66670 54.01042
62.17500 -25.39265
29.00453 98.92414
-2.68235 13.18424
-108.18793 30.33282
-109.41096 -69.87393
84.00648 -34.72377
15.93773 -59.57234
-137.84053 54.56699
26.01454 102.30054
-52.49453 87.54558
5.03126 17.95630
76.66836 -39.15381
51.46511 73.68419
39.54201 -39.78937
63.06718 93.94804
-13.17908 58.43558
89.76715 -3.70492
62.23631 -27.20910
-88.25140 -82.97121
48.58474 -33.91342
62.65355 -23.52538
-108.90386 81.08301
-12.37374 74.79344
32.18655 90.22786
4.42046 105.14933
-126.10791 60.24031
-129.20659 56.51422
9.49690 -80.45103
3.81728 81.99942
63.34913 -88.13427
-12.98656 -28.16472
-99.76561 -34.13216
5.10945 88.56071
-93.31482 -97.06287
75.31074 -27.36477
59.38736 -82.10944
-101.68481 -66.02482
-46.19776 65.52169
21.82485 73.75071
-93.17030 88.28491
31.32489 102.30135
48.16625 100.34007
22.94805 97.18939
92.96983 -21.04178
-21.42161 -60.03946
21.96138 -55.32580
70.72128 -30.70484
-115.69196 80.63582
0.24269 -41.06529
55.48899 -73.86818
55.77379 -51.62722
-78.62379 -25.86065
-91.30971 -85.68950
77.90554 -63.25272
3.10212 103.99058
31.29453 89.29018
8.26292 89.96106
-18.86775 93.46172
-21.60947 -40.10040
6.55978 -66.10859
13.45435 -56.37409
-107.78978 -81.76196
93.20047 17.76332
19.68314 107.50485
-98.56143 -76.54085
-5.87325 -16.03093
-17.77101 -62.92603
-30.67176 -46.41838
81.06716 -5.08705
-99.04520 -81.25624
32.64327 102.68425
53.13748 -47.28916
73.32228 -39.04799
-5.16571 90.58901
-95.63102 -31.26461
-49.14846 59.50097
9.76539 75.79182
-3.27546 71.94349
64.02488 -22.69139
-1.82395 -47.44466
-7.77782 -67.32295
51.09289 21.96008
74.18213 -69.13329
6.27602 92.60912
-84.02087 -87.78960
-136.81930 54.74327
96.24015 -28.26952
-24.83558 -39.63321
64.24649 -26.18361
-17.81539 -72.13341
-33.41699 75.66540
85.49368 9.05313
-1.92524 86.70320
35.34575 100.29287
-21.81397 92.90439
-45.24125 87.58396
-90.28266 -19.74466
64.79890 -30.08450
21.40994 -60.87289
50.77523 45.79049
-25.96857 -9.81614
-26.91142 -56.29436
-70.54338 64.35991
52.88616 -10.33175
66.20516 -7.89978
8.32376 109.07960
39.31407 67.67557
-83.05596 -83.48764
-91.77993 44.32679
17.25851 102.43048
79.75043 -1.03395
-87.56046 -65.15880
-25.53766 92.73102
79.92951 -16.95738
-4.35828 -16.51780
-28.77490 -54.21679
-136.30662 60.02677
-87.04015 73.79315
61.77129 -21.19319
-102.78735 68.88879
72.42488 -17.71945
39.64537 96.10839
75.07564 -27.64377
39.15564 -52.62200
1.90220 -62.25190
48.09658 -42.82544
3.86454 -71.81560
-86.34223 48.29990
-71.07331 5.06858
-50.56608 91.26517
71.84214 -13.74968
22.01020 85.93275
40.60260 -27.04667
44.56599 98.59954
89.54241 -52.64131
-23.22886 -51.42340
73.79331 -26.79265
-106.67914 -78.30629
-65.38557 -1.31402
-118.19293 70.31518
-8.55089 91.49757
-61.43785 50.93785
37.05182 -46.61381
-78.24727 66.16192
91.61055 -16.54428
55.74191 -70.23889
45.17252 91.43256
47.41060 -84.13762
63.62818 -63.43244
-14.13981 -27.81121
22.34751 106.28032
-4.61380 -7.50335
69.08097 -22.59162
-112.93827 -85.84891
17.24971 -74.20596
-14.04724 -16.20365
-21.43436 90.95718
14.04886 76.67845
-71.35428 17.36864
-41.07441 -79.14548
-123.44681 -59.73522
-23.78493 -82.19356
-17.42146 -57.53871
-38.40979 -65.58600
-34.00954 -31.46784
58.33468 -23.72549
-25.08987 -61.10378
-114.64876 81.74409
39.09967 -43.78525
-105.40991 -58.32642
-11.20479 12.03568
-45.90963 58.28225
-95.77462 -43.23984
30.51717 46.89144
-115.86619 81.44229
64.01273 -22.31461
-82.58538 -34.43910
86.64079 -31.35641
-20.02172 -37.79914
-19.40708 -55.83052
-126.10499 62.86873
70.71058 -63.27498
-94.66495 19.95816
-76.23579 -71.91797
-31.90884 -38.45956
66.18179 -50.45839
-77.10537 81.88901
80.51137 -28.18429
84.49874 -32.81820
84.48971 -29.14909
-123.73036 72.86212
89.52162 -45.10239
-119.22821 68.96236
-1.50291 25.82369
-107.61721 -89.33498
-17.01229 -38.68908
-6.75180 81.21434
47.22901 85.24569
78.35372 -27.47419
-106.93857 8.76832
47.61218 46.59454
-67.89786 -78.54227
64.20951 -14.39681
-116.30758 -2.88939
66.14500 -70.21381
72.32958 46.90940
17.34238 -30.35675
33.53672 97.66417
2.39686 98.94876
-81.47476 -82.83318
-59.29067 -77.08551
64.23669 -35.04709
65.85860 -16.97051
53.80540 -76.48208
50.30756 28.39415
0.46012 -45.97609
0.75356 77.87604
-77.72034 -30.92811
6.17171 106.54948
4.38607 -57.83734
-24.49248 -33.26687
-16.32026 -14.80731
82.04843 -36.27850
-139.17634 55.53341
23.26434 71.44853
64.20400 -31.32221
-78.90924 -51.91742
-18.54267 -38.67150
42.08318 44.40886
81.30174 -0.80860
43.37972 -34.66527
13.92751 87.10800
-27.95941 83.93875
78.19022 -11.49554
-104.53488 -92.62110
44.67833 79.26376
-105.19948 -73.40140
20.69187 53.44172
66.04082 -50.77269
-56.17289 -78.08569
78.55736 5.51236
5.92856 81.87734
-103.61103 -90.77699
75.48474 -14.74600
-115.70021 -52.23020
81.75445 1.29895
-11.75498 -5.06454
-74.08049 72.55252
-70.30434 -68.95918
-87.57624 11.98727
67.91086 -16.09536
-13.03998 95.87779
-109.66440 -86.04556
-97.22018 -30.78166
43.05185 64.45480
71.59187 -38.07133
-36.24202 -26.13787
56.05268 -46.71640
7.03183 -24.30337
-99.69970 -102.87100
81.53106 -11.61910
-94.67231 7.86946
-13.89512 69.19414
-19.02607 -32.80799
79.99634 -30.55384
-19.40310 -54.23199
-113.56768 81.10957
-139.39829 39.47536
-105.24535 -89.68239
-20.34648 -43.70266
-86.59334 -94.35372
35.05270 -47.69215
-0.22248 -50.84715
-14.34364 70.59968
-74.09820 48.96306
72.22271 -62.73605
78.60623 12.73250
77.54729 10.17220
-12.80178 -62.65654
79.63397 -12.44588
31.16459 97.28100
-42.31971 -40.57477
0.30339 -41.21402
-1.71743 -46.45187
49.32296 -86.60810
80.22483 -26.71138
-96.20932 -59.17703
49.04024 -43.42095
50.67234 -35.84555
19.85557 83.13290
61.34997 -21.99428
81.58554 1.83833
-102.90106 -45.25818
77.16843 -32.58837
-60.29574 47.77590
71.06867 -15.65568
93.17759 -49.03341
38.85766 90.11545
-21.57091 -30.84937
62.78281 -41.10653
-59.05673 39.30409
84.99868 -0.89786
-45.04331 23.67084
-21.33798 93.10544
73.35301 -43.30857
-16.03589 -60.39055
75.37047 -30.66427
-30.27562 78.84037
56.43471 17.14674
52.22135 96.23113
24.10115 -95.65328
31.07026 -73.45570
-137.42642 44.74802
-35.85665 -38.99729
-29.47912 68.34541
-21.90844 -66.01469
1.96114 7.39163
13.42040 -55.13453
94.27311 -47.55832
71.77442 -13.68456
-11.72866 -43.28696
82.60820 -68.32132
-142.74733 50.89877
-25.48582 -74.75263
69.89329 -30.46298
-95.52343 -90.47083
-125.14100 69.73802
57.00968 -81.58371
6.98578 8.65084
-40.43575 -13.69401
-104.53837 -97.86789
-7.31981 86.01341
-90.07718 -41.55898
79.45941 20.55743
-31.23475 78.47411
-129.54073 53.37243
-63.38988 -90.61003
36.64185 57.76304
71.76455 -43.78393
-89.94408 -58.02859
-99.86892 -95.43834
12.29145 84.94366
63.87277 -72.55973
-3.32194 89.44337
-13.08038 103.33607
65.39485 59.83641
20.61019 75.45485
-126.49860 66.10353
-8.65919 -49.54670
-123.57820 65.25695
73.01787 -36.86273
16.92492 100.22262
1.10224 81.64927
1.76517 -72.76533
57.79214 -27.35621
-33.26725 -9.03823
77.87467 -30.73970
-23.09246 64.92880
4.84093 4.42221
69.38632 14.40772
-49.19841 18.78169
-130.91376 61.58361
-106.00030 -87.91207
34.46165 69.94718
-27.80031 -67.28197
50.77705 -67.95234
31.04202 61.38814
-109.96313 -64.09624
-9.29323 95.05734
-13.58056 -30.73162
-45.60368 -57.10269
-101.32017 -72.75505
-102.92288 52.48708
71.48053 -37.38396
-13.98864 -64.09747
-17.38671 74.98859
-113.01015 -84.58153
-34.07103 -53.85881
63.38769 -44.27524
-3.41184 0.96182
75.60442 3.95419
-90.86262 -22.77643
76.13879 -66.16192
-108.45062 -80.45836
-135.47932 57.90238
44.73543 77.33461
-90.67677 -14.39322
-137.57846 51.75576
-1.27421 92.71104
-110.00693 -65.20536
-106.51794 -51.52843
-123.84518 66.87160
-22.27271 20.22980
16.99903 16.86813
-110.12500 -82.89661
-4.94252 -25.99095
-108.13180 -32.78132
82.22548 -15.11813
-14.47496 100.63412
-11.24071 -34.98362
-15.99932 -54.66274
74.67785 -53.17391
9.16344 -50.36171
-86.40439 19.13317
45.55687 74.56755
-39.31350 24.08546
-23.77232 -38.44005
14.00088 -72.40921
81.40777 28.00538
-85.68426 -74.80634
-126.31109 70.79979
21.71961 22.36504
77.40882 -35.17932
75.98946 -15.30182
69.45975 -30.78294
60.33036 -26.23373
75.97777 26.03729
-20.40773 -33.42012
18.14294 69.23781
19.00444 86.87894
-102.53403 -62.64931
44.99366 98.03345
67.51658 81.88694
18.47407 98.18642
-41.08959 29.39228
12.82165 97.19549
5.90644 101.21158
44.76600 91.92249
73.43515 23.60068
79.27786 -18.95788
-108.83394 -77.65711
-108.13767 -56.96985
-126.13907 50.68935
-102.25065 -48.96209
-92.34599 34.59252
40.21748 -60.08320
-75.89933 -74.79943
46.61226 72.55215
39.66002 -63.65846
42.40775 92.34589
45.11710 30.36058
10.09136 107.66221
-5.78162 -65.57776
64.88555 51.99509
88.70495 -15.18691
-111.61958 -32.40625
-87.78840 -27.83356
41.84067 64.11593
2.37540 80.13438
84.33758 -45.16374
42.67616 -43.32184
36.66134 67.76560
71.18414 -19.58160
-56.36847 -80.27207
76.20624 -63.64482
37.49692 88.32139
-2.20012 78.42450
40.33454 77.12690
68.66486 -43.36621
-12.01737 -57.94803
-89.63553 -93.39046
5.16137 99.76027
7.02624 109.50899
21.40060 94.23277
-0.44977 -52.04426
69.08461 -17.06982
37.39405 77.75775
-54.90690 84.08530
-21.63081 -25.92549
-35.59545 75.92210
12.20462 101.66606
25.82373 64.69017
-14.17546 11.12124
72.39884 -33.74302
-131.04496 63.43598
70.88010 -57.94237
-14.70974 -36.92356
9.01227 -0.22206
-73.09740 22.42636
-72.50589 57.23863
3.76520 -50.03953
79.58960 -32.81091
67.89023 -15.99703
-6.86240 -31.01631
23.41864 47.32772
-83.46607 -41.68830
-113.31012 -43.97919
-99.48905 -43.43391
69.20298 -79.38755
-84.13718 -96.16240
-98.94285 89.82996
80.06708 -26.75524
48.74026 17.53473
-93.50984 -93.21053
-10.03551 -12.48361
-25.01874 -47.63952
-0.22730 -7.12244
-30.02329 98.33021
36.78430 11.01877
68.84379 -51.49202
-13.40114 86.44472
-76.17124 -81.33828
83.46529 -31.42849
8.41514 99.59642
-137.89882 46.78220
16.44348 0.30979
-96.27655 35.63754
-112.04079 -0.21801
22.92732 98.69093
45.26050 3.38542
-4.37024 84.50214
75.81353 -24.45815
-102.89281 2.36723
76.32273 -60.75687
-12.63731 39.76396
88.35655 12.42096
19.21230 82.65674
18.23233 84.39074
45.45294 100.56089
89.52773 -12.73140
61.35803 -89.76835
4.49875 33.65285
68.28763 -9.72439
-2.23089 -45.54133
-126.84009 60.18086
17.42766 -58.84793
-60.78458 -81.44399
-21.50912 -46.94840
87.01454 -55.03483
32.65550 -66.44113
52.07611 0.09005
28.37509 -35.13429
81.52841 -28.09892
67.36026 -41.54390
-134.84936 60.50085
54.71826 -22.10086
-118.01760 -22.65641
4.49949 -74.46998
87.15432 -43.15869
-107.12219 -17.27056
59.22360 -30.10474
65.20039 75.41567
84.32802 -2.74659
-5.62240 -48.25123
69.48020 -19.54796
29.52709 63.08042
-36.80352 54.45636
-5.88170 93.74404
-24.87020 -62.06183
-15.73862 -50.59067
89.90792 -52.42575
18.49478 103.49616
-117.25514 68.69198
12.77908 104.45905
43.43075 4.89857
8.08138 -65.85420
-59.69504 34.86366
67.72115 -31.95372
-58.03619 31.00850
-41.75653 -34.11996
28.59596 78.33203
57.81401 76.72588
-22.23815 -53.01777
37.25571 -46.40883
13.77449 -15.92109
-7.69041 -42.11814
11.89111 92.53434
80.45149 3.93193
30.45090 -51.91599
63.15486 -61.68819
48.80659 65.64536
-117.35424 -15.42275
72.98156 -23.80100
49.04703 -17.86109
-15.33474 -22.56217
54.82176 -36.11549
70.71297 12.15207
81.32733 13.09628
58.93452 -18.76930
-23.90487 72.47681
-92.44940 7.19560
77.03641 -56.14200
-91.67040 -78.05848
-39.40575 -63.28602
83.25663 -41.78405
-28.31931 -49.10696
-28.33647 -35.28811
-10.08795 95.21286
-61.78275 -12.23127
56.38179 -44.83772
-13.47598 19.25750
-90.19379 -52.98365
-20.51827 58.45808
48.67372 52.90013
63.14020 72.20340
85.75704 -3.07661
-98.15796 -87.80789
72.31123 -20.22305
82.67769 -34.37908
70.87805 -30.09254
-113.92295 -60.92858
61.77866 -16.88455
-136.96552 43.19995
-14.89631 9.45113
81.29807 -17.20400
-9.42841 -39.77498
-11.69926 -25.05719
52.68472 2.76645
60.42133 -64.44095
82.80782 -31.40142
58.41608 67.86649
-17.95506 -27.05213
8.58174 20.89628
68.73248 -17.65289
-50.68021 60.76825
10.03191 96.82128
-76.27613 47.89014
-15.86648 -32.66785
-15.55332 67.00539
34.14613 88.72221
62.06205 -39.25287
65.63434 -24.67178
48.99973 -76.90159
83.31171 -30.82891
-87.05478 -104.84446
-35.28884 -73.59259
-7.89800 -38.67869
-9.07538 -44.60566
74.10357 -38.43293
56.76320 -52.52652
89.22135 -22.90459
-126.51015 55.56279
82.08470 -30.12540
55.67763 64.09447
65.04352 36.19011
71.15997 -34.42416
93.02410 -28.83537
67.25604 -58.14392
-4.95603 -41.80055
-12.74578 92.48287
96.33694 -46.40905
76.20228 -17.68882
79.57283 -4.81514
47.73625 99.53605
2.99847 102.83688
48.20678 -85.47176
49.83936 -36.54221
71.41755 3.04798
77.85348 -51.20325
79.27658 -32.67190
-129.83551 43.11356
7.06822 94.90908
76.65008 -0.11071
76.21626 -64.54968
35.48247 -69.13468
-119.66847 -86.61509
5.41157 102.28919
72.59622 -81.37228
81.56276 -28.29369
-93.13033 -89.68407
98.61072 -47.55716
-71.33099 -84.55988
-97.63548 -92.09511
-64.38219 -73.79358
-116.49248 68.87502
51.25964 -14.92001
-94.28533 -32.29392
73.17675 -84.04420
68.83064 1.92398
-12.57164 -104.61153
20.79081 -54.85747
-18.39589 -13.09502
37.76800 92.37794
56.87152 -81.05133
90.65890 2.57713
85.10496 -12.52604
-110.23379 -79.14380
-12.41012 -55.80315
-84.50136 -75.86974
11.59790 -54.08155
-36.41202 -49.70877
-102.53641 -84.08441
31.82268 95.24209
34.40771 78.60635
-106.34294 -53.32558
74.54582 -4.94158
-68.73479 -43.17588
-63.60478 50.41729
-99.12622 -95.41865
68.28387 -78.84564
42.68013 -47.17255
6.83178 13.54080
-111.00149 -3.24057
-27.61656 -54.66850
-136.34701 56.64043
23.84093 -54.64640
-66.06687 -81.56504
50.70884 -41.97487
-102.41714 -96.22036
-24.24545 86.29353
-122.18391 -26.43308
-84.02515 30.13163
-100.24556 -52.20787
58.37036 -45.52433
-6.39615 -39.09331
-0.82714 86.26757
16.95767 -83.70374
45.53507 15.61990
-105.51931 -77.99982
81.59103 -63.92169
-19.28797 -46.24017
8.88981 20.82535
-9.62015 -43.74054
7.50138 -69.79332
-11.05981 -52.64571
-92.60557 -91.74486
0.57888 -38.21286
-58.06307 67.04222
-103.60461 -95.83663
-21.74118 15.67301
80.54282 -40.64661
-72.37866 48.07153
56.16373 -43.61131
72.41311 -12.16428
7.99556 97.16568
-84.41284 -97.44456
-112.79060 -64.73058
39.29745 -66.05941
15.47918 97.79396
41.97025 5.10022
48.30452 -1.30763
27.93837 105.08440
64.45282 -15.45655
-124.41883 71.58167
69.10351 -34.69414
-96.53323 9.57835
70.25243 -44.63976
68.03941 -29.63118
-10.95498 -46.63973
-122.20930 70.88029
-2.44544 10.90388
87.19045 -0.45729
24.46649 37.44666
65.72816 -25.83766
-124.79691 70.39069
9.16388 100.00237
39.37758 8.90871
-43.17983 16.55333
78.04145 -33.78907
74.06117 4.73364
3.75508 -21.17026
-119.33137 75.27623
-100.72420 -41.70306
1.29424 16.68849
56.67105 -39.46261
-13.77713 -7.68860
-7.67999 -62.18817
-6.64829 -56.39588
77.15372 -39.45285
-96.47907 -88.22943
79.99866 -33.07062
64.50711 60.13145
-67.51868 28.22605
64.17414 -29.72718
13.04272 24.70683
66.22626 12.75233
-34.41358 91.90124
-119.99875 -63.83936
-7.33727 10.80496
-95.41288 -17.54088
24.86638 98.54866
-86.07015 -47.56046
-124.07519 72.81617
-38.82926 -68.78688
-47.06052 -41.59759
74.94198 -29.18861
-117.13783 -39.96469
28.94568 88.85381
20.53198 83.24870
-1.69910 114.33121
-18.10466 68.84280
22.68923 62.34949
27.09989 90.45322
-6.85864 -67.60783
6.13421 92.72244
50.15566 27.36936
38.07490 87.35482
-126.75546 67.18611
51.58255 -77.84960
35.12018 10.71964
78.07893 -32.87251
37.17033 98.05465
0.62598 -72.50345
78.21061 -18.45572
-0.59781 -7.16794
32.59024 96.80023
21.82544 88.78144
-27.68328 -53.14678
-7.94119 -40.39110
59.23189 -7.04383
84.67013 -45.62267
64.01099 -15.60089
15.49925 95.67270
-143.26416 29.84711
75.46043 49.36412
-1.61154 -58.07079
-16.81523 -59.82239
75.11838 -9.50773
-77.88986 -78.74071
7.31130 -21.86279
-0.23782 -23.58509
-6.77013 82.85775
-130.50100 66.37279
85.62532 -31.17037
1.29094 64.78026
-110.65505 -54.97768
-27.90873 -25.43309
10.13741 -19.38925
72.21811 -71.60277
-92.02870 -36.96239
58.73515 -72.20328
69.28192 -54.84218
67.76332 -53.69955
74.46652 -17.34664
39.74245 64.89921
-76.07464 -2.98326
-8.32355 26.16992
6.53811 -14.41817
46.77962 94.96476
38.71859 72.90077
69.66174 -32.05641
-9.31698 -1.05363
65.68828 -11.77608
44.46436 -44.51043
-23.50538 -60.02723
-65.00250 1.69607
-100.76103 88.47266
-102.35955 75.28753
-5.74522 -67.12819
-31.14618 -42.15172
-7.59432 -10.73279
67.48817 -17.73944
-126.76542 71.51836
-32.86202 -52.98809
33.22258 -59.34116
48.04205 30.76656
7.90206 -5.74319
63.80168 -28.71024
-3.73106 12.60100
76.66151 -66.85933
-34.51743 23.03352
33.62616 -82.32746
84.12976 -32.18175
21.74936 100.66614
-12.64606 -35.30265
9.86380 -12.32333
64.38817 2.36222
-91.75362 -85.77186
69.59670 -42.81134
-65.53926 18.39642
71.53858 82.58425
29.09886 75.84371
-16.41147 97.91799
-19.05356 -54.82783
-28.43905 -19.83817
-112.64564 -53.12559
6.24434 77.91164
-28.35449 68.28457
77.26658 19.79124
-20.44737 -30.69643
79.83173 -6.10442
-1.02566 -7.49544
0.23766 96.72251
32.88666 97.21229
65.95749 -43.97994
90.57339 -15.82114
82.14597 -15.66175
-18.28533 -60.25682
-70.94827 -82.20307
-19.04313 -43.15142
62.44325 -73.48486
-50.22344 45.91326
27.34123 -55.20377
-18.00193 -48.47791
-35.52164 -58.78350
-108.79963 -66.52245
84.03234 -2.29318
-21.76816 -54.65834
-23.44615 -32.31711
-117.69001 -68.54002
53.92666 98.65114
-16.83560 72.05643
66.62150 -17.34344
73.79272 23.08870
92.08644 8.39035
4.61785 -47.73561
75.91198 -10.15403
69.43709 -57.97913
21.72398 96.12888
-1.54295 0.74390
34.85869 88.10381
25.56967 103.70136
-89.49613 87.34629
-113.01357 86.23195
-121.60184 -68.96800
-21.16806 -18.37710
15.02709 105.93830
75.38368 -68.43984
-106.51719 74.81008
83.52697 -59.97516
42.96823 69.24357
65.05905 -18.43137
-12.29992 -40.58505
69.17907 -7.93854
-8.08728 -49.20667
-69.03863 55.67190
71.87273 -29.95871
31.27729 -60.87592
18.59746 91.17266
-8.19409 -35.09209
27.99014 102.62757
77.13344 -34.66954
-23.43777 93.30009
36.61319 107.48075
43.67441 -79.33751
6.89269 100.94203
-120.55326 1.78336
37.00735 -73.51011
-15.22243 -52.19324
53.78002 -38.55628
12.25741 108.10441
-86.01619 -91.70858
2.92162 70.11500
54.26287 -50.13739
-101.79882 -90.28704
29.55278 99.09851
72.45140 -15.44488
20.02414 105.00558
78.27380 -36.71967
12.87007 88.81125
60.16311 97.87674
70.59849 -19.53280
46.13498 90.10783
25.33427 88.55499
-32.91977 91.95331
39.62704 -56.96829
48.10856 68.74440
-113.47982 66.41591
-8.72865 33.81010
-7.13243 -7.62512
-108.74071 -51.27415
50.12008 79.68261
74.67440 0.78093
-5.87038 81.92943
78.86493 -26.59992
-4.15782 -21.62584
67.16509 -20.02357
-79.45638 -1.56143
-25.09886 69.76126
-1.08824 -35.21352
53.24995 -41.19003
-70.70164 -88.26500
4.04490 -47.17223
-25.54145 -38.94855
73.73210 -76.15331
79.40022 -24.82517
76.98101 -27.19808
-103.98057 -70.95234
22.21182 -68.90670
33.87619 86.16242
-110.88618 -72.70661
-136.30029 56.84162
-26.61182 -42.44044
58.63397 -50.06252
46.55102 19.22966
-27.09692 -13.75821
-124.80331 74.28859
-16.18590 -52.76369
17.69888 -16.93142
-129.53354 71.60012
63.51197 -28.96494
-16.21947 -32.43003
-23.78188 -58.76787
-33.89832 -41.64670
-103.55219 -18.56299
-83.81395 -83.47013
30.29280 79.23598
61.20512 74.85937
68.35502 -34.97572
-14.07024 -18.48295
-4.40622 -58.80868
10.58649 -40.63538
-81.62144 60.70206
79.21307 -5.82356
19.29047 69.28365
76.48293 -38.22643
45.83916 90.88956
28.70455 98.12069
78.64117 -27.91718
-25.60704 -29.81830
-22.19360 -46.50589
70.62893 -63.07945
0.92702 80.33003
-5.20464 -54.65494
83.99162 -26.40356
87.22641 -29.30193
72.68937 1.85775
47.59637 86.51069
-38.32035 74.81207
-108.80405 -87.87114
14.40237 -23.18501
32.46107 -42.89819
-19.12328 -5.57897
26.70232 -49.82122
76.19978 -35.65101
-5.04627 0.88062
20.75212 -10.29694
84.09631 -13.45764
-11.60979 -32.20361
-14.44528 -56.52390
-108.49387 -53.84239
7.95741 77.19861
-18.35802 -52.41631
70.24526 -18.67061
31.07978 86.23828
-98.46888 34.59245
70.94636 25.30764
-85.83318 -89.45834
-12.31414 -65.31444
37.56660 99.59916
38.67588 103.07659
39.78270 96.26489
-20.25265 -51.96614
-11.06655 -34.86532
41.19275 32.60180
79.63898 12.20793
12.79757 -50.63771
17.44356 82.33056
81.15875 -17.04575
11.69715 5.83316
68.57396 -20.70431
-17.02690 -38.91399
76.38648 13.24602
-26.86666 103.12219
73.89732 19.71284
62.79322 7.15267
-4.07011 78.07037
-109.81830 -18.25090
-21.86158 -62.57386
-35.25891 -54.23013
73.11436 -23.91019
61.71379 -25.55001
18.91452 102.95146
45.13515 95.49917
59.15301 -37.61168
4.53300 108.14844
64.08950 -90.84657
4.07259 97.87433
44.46575 3.93859
60.95415 -41.36140
21.73366 41.05026
2.28524 17.14945
76.82977 -64.43268
-12.53796 -65.80281
62.61770 66.90823
-31.18296 -51.46749
38.70746 80.29497
-106.05001 -69.40548
-93.49180 -81.85830
-61.14465 73.69239
78.21301 14.87733
77.48170 6.70824
77.71062 4.73769
70.80716 9.41480
74.80305 -34.44475
75.11481 -2.12351
-10.12736 73.67170
90.41598 -40.24473
-26.37757 -47.52841
61.94953 -72.37490
32.48096 56.40325
26.92183 55.18784
60.08193 -4.54604
-22.63009 -15.99083
71.17150 -40.62821
29.91333 108.22759
-71.62996 46.55024
-55.76348 22.92272
82.40346 -34.08000
-35.15701 -47.20011
-91.58762 8.88315
-81.86098 -86.98943
72.30636 -18.41186
68.56875 -12.07133
-107.52583 67.02648
-34.41579 -68.57576
-5.54254 22.81316
74.58205 -6.05686
38.26558 1.27942
68.85919 -18.49216
-127.52277 76.99432
-63.45940 14.36231
-13.73883 2.63418
-14.51310 -54.26169
-94.13992 30.41785
65.80530 -20.07130
31.07678 -61.24610
-107.48588 9.25223
13.08324 -26.65450
74.92061 -11.40216
-22.06222 -35.34839
-6.84844 -63.91544
47.20311 -58.95567
26.86438 83.06647
-105.73193 30.37522
86.38298 -21.47653
-19.30172 -36.41879
54.02691 0.21448
86.02282 -17.20826
71.72229 -53.38057
34.88181 98.23947
-17.34446 98.21668
21.23086 100.04843
24.41115 -60.02275
56.59516 86.28046
38.97363 8.82824
75.35027 -32.17552
25.74847 90.23126
-26.84757 -55.90718
2.59022 -49.64166
11.54972 69.08284
-10.83456 10.95276
-50.53242 -62.79859
84.77763 -0.51739
-89.92158 -69.83655
39.79727 13.32791
78.22685 -34.99539
58.03620 68.54224
2.09690 22.34004
-15.31997 -63.52597
77.92171 7.56045
-14.28366 4.10967
55.14800 -9.19314
11.99982 -55.84750
85.87102 -40.61159
-7.12766 -41.53223
-122.62603 -34.76104
-5.80389 87.38983
53.48713 80.08335
-113.31579 -27.45967
-58.60069 -46.04329
2.96056 -13.79397
86.42001 -17.86455
-34.68869 86.39209
56.59142 -38.98393
-48.32408 -56.64455
84.09663 -63.69713
62.59044 -32.84432
-54.42864 -57.98754
64.25146 -67.33043
-45.53697 74.27696
75.25259 -20.97792
20.32098 25.06716
-1.77696 -24.47697
65.23660 -34.83944
-39.06583 95.51307
-93.82235 77.30425
-24.05093 97.59174
-139.20973 58.68688
-101.65097 -94.29300
23.12687 97.32745
71.36681 35.75453
20.74314 105.18284
-124.23817 -19.81133
-104.38505 -40.07592
50.01494 79.20142
-92.00610 76.29948
0.60621 -72.56994
72.79830 -43.57477
80.75246 -16.36157
-106.56207 11.43033
47.05644 90.25816
92.49757 -46.40500
61.40689 -42.31065
63.63752 -51.66653
80.27077 -59.95008
-22.02513 -47.97090
1.88626 86.39561
-110.10692 97.99418
74.94512 -55.60579
-118.86602 84.69364
-20.16986 -9.16770
75.36614 24.05873
73.68028 -73.34206
9.83742 100.47531
87.73127 -11.50902
60.47611 36.16514
-83.28440 78.01764
82.82684 -25.56959
21.46061 -15.56320
-54.01493 64.16178
-28.78955 18.38920
57.55201 -34.10340
37.32466 96.27566
52.75423 96.37894
75.77797 -29.46701
-7.21053 -45.95082
-14.90436 79.10919
-69.76610 -76.41794
68.46324 -7.57139
45.00961 -59.10682
27.01907 -78.58629
10.39273 89.46477
79.82620 -27.41909
-12.90602 5.95214
18.97325 -62.13915
-106.09284 -73.91241
46.71243 -71.62616
-93.59085 -98.25707
-54.16952 47.36808
-2.62725 -23.63491
-42.69880 82.50042
37.53984 -70.13200
-109.35893 -70.83665
-76.23965 -89.62487
-97.87470 -25.34794
37.84358 94.19282
3.75789 70.55617
-24.74314 -13.06844
92.40044 4.47453
55.38498 86.83236
-115.04866 71.38541
-23.69322 70.85358
26.42633 97.70433
-24.86135 -6.04924
-129.21724 44.09568
-15.90902 -5.58949
-102.53706 -48.15716
53.86825 96.66137
-113.93761 81.36499
85.65720 -15.32232
12.05875 107.13295
44.66329 78.87936
73.27207 -64.85475
-28.85275 -39.17774
67.80049 -9.89104
-7.74571 -41.21686
-95.96389 89.64727
45.17285 21.19002
-104.95338 -83.64112
87.18490 2.18544
72.92540 48.29614
-34.11423 -31.96637
87.63842 4.24929
3.07767 92.74611
3.01674 101.35301
80.65046 -6.72876
80.66860 -23.87079
-16.20444 -59.79830
58.88277 39.32804
-2.74078 -68.47522
-18.38399 9.72914
-81.76378 14.36450
59.18205 84.57903
-51.00720 -84.60021
67.33038 14.91501
-121.94044 69.49613
64.31743 -26.14633
17.68673 100.97182
63.11555 -33.80835
-19.26978 -27.21366
33.17139 73.60122
2.17023 81.97765
-77.71460 52.06470
91.65800 -28.40892
33.61632 98.33383
-106.73208 67.75695
-86.29968 -32.20713
-131.20475 65.56606
-18.91133 31.75005
1.67666 82.96527
12.78222 3.60665
36.30399 -39.64491
52.81456 77.30566
-25.56760 -47.54588
-17.81384 36.98050
-11.94288 -56.74294
-143.87295 52.77115
65.94196 -0.88097
-21.21615 -26.25952
-4.93011 78.99772
79.59835 -10.73828
-25.12306 -28.14780
50.49189 92.54819
89.53672 -18.78921
89.17263 4.89687
-64.76825 40.60739
73.43519 -55.32442
-16.81341 -48.54638
-63.06584 -83.32419
21.83699 88.14003
-13.42600 -26.10030
-129.77463 62.90469
64.95864 -2.06882
-12.55248 -45.80520
71.64178 -25.40269
20.68599 84.04692
-4.98001 -47.00625
-1.05102 100.47015
77.23847 -19.05214
-2.26480 91.97370
-26.43998 -72.19424
-108.27454 -96.12912
64.47579 -8.48378
-32.97487 -53.34445
-68.34777 -78.41546
9.46311 95.13871
49.29964 -45.28663
-72.10044 48.71878
-16.92198 -61.98331
-91.99947 -91.84530
-78.64851 -80.36383
-14.66264 -33.28674
-6.89752 -59.81768
-115.82179 83.86685
-11.15858 18.96186
-57.32673 18.68112
-20.21061 -25.82345
-128.22219 70.46162
86.44642 -18.60430
56.17180 -33.22808
-99.05440 66.65245
44.83133 101.51510
11.64326 -46.51951
80.24157 39.48688
-16.97705 -57.33825
67.75654 -70.03443
12.50938 73.80635
-20.23249 -53.80283
18.79555 106.45671
-59.34701 30.98572
-13.70196 -16.90300
-103.54312 -81.03066
-16.96627 64.97172
-13.60695 -39.58169
35.42874 94.08073
50.20274 -25.95840
56.54022 -45.06007
-120.48647 68.80130
20.95453 6.43764
14.05977 101.01167
-117.34777 4.06487
14.43455 97.48180
78.62198 -33.94383
-20.36678 -9.55329
-123.89814 78.54543
-15.14646 81.32709
86.27210 -19.80892
-11.62948 -45.81281
-27.17345 -35.54793
88.33008 -56.88171
-84.33617 -80.97034
-23.32712 -54.63181
-13.87121 -4.95047
56.94523 -26.01415
-97.48595 -87.53520
63.44751 -72.48494
1.26254 82.11256
68.08085 -32.50883
13.20250 80.56470
1.94303 -31.42092
51.83074 99.32612
-70.06777 58.76642
-25.72444 95.45258
25.47845 105.41027
40.39446 93.74560
4.82442 -50.54862
66.74434 -34.65519
83.29539 -31.92854
-53.80422 -42.88114
-16.12706 63.93368
-103.76770 -91.29330
-4.83069 -15.02499
-99.73130 -92.87228
75.95799 44.76081
-2.81010 90.80261
-88.90787 -28.51646
-12.36562 -58.94796
-95.42633 -94.97965
-25.84931 92.07508
51.87440 -15.68201
83.67976 -2.91258
52.12104 -46.43844
80.20337 -4.34611
-122.36166 -76.85061
-101.10101 -70.83386
-10.96973 -29.62765
63.16382 -10.42021
-121.80392 70.36030
-3.26742 -68.52448
-96.99708 -94.15421
-120.08604 84.54950
-101.41960 -89.69939
64.84776 -53.83077
64.72036 -29.71931
67.95562 -17.01106
70.09787 -68.85178
-17.22106 70.21503
-19.30053 -45.59363
75.83826 7.78014
-0.35980 -73.99915
-99.88042 -46.22994
-27.81962 -47.63524
-25.39228 88.20540
-8.78711 77.09716
38.32472 77.68317
14.51631 80.28814
38.94631 -12.73588
6.51383 76.48074
71.75800 0.77588
75.67245 7.59467
-15.02907 -62.42074
51.47836 63.45207
54.63888 -73.28772
70.35741 -32.49908
77.70061 -7.47728
-64.30793 43.47322
56.41870 73.16035
74.83488 -58.42904
85.28034 -4.87923
33.53378 -79.27348
79.10170 -46.61691
-72.65980 -39.96776
-80.64024 12.86774
-40.30839 -31.40282
-90.91978 -99.68362
-29.16692 -28.51138
-92.29955 -50.78022
5.23905 94.76592
-21.13393 -62.64259
-103.78780 -8.15659
58.26170 -2.40648
-130.27288 68.99157
-109.60420 -9.99250
-9.82073 -37.31711
-35.38208 85.97935
65.76494 -48.36059
73.18661 -74.75606
-127.60036 62.38261
-101.46795 -80.37717
9.80862 92.77221
5.39031 93.11660
-104.05725 -63.49467
71.72492 -64.73153
-100.66333 73.47999
17.31082 83.00509
70.18493 12.77056
79.80762 -26.41245
24.16332 74.52216
-103.14648 -3.60559
9.82920 81.19715
-96.99839 -94.04747
-44.97570 91.91973
-44.68844 -27.79025
-80.71439 58.95038
-116.41274 16.66199
-25.50904 -38.94486
-51.03834 -67.40921
-112.54495 -80.43574
81.35612 -39.03330
28.24738 -54.69061
-129.99453 56.94633
-100.36550 -43.77820
89.47906 -44.68918
-30.23686 -32.36960
83.45726 -18.49182
-105.06208 -86.02632
66.00108 -84.98693
-73.34064 -39.79056
37.43460 -82.37239
64.56211 -27.16718
79.65828 1.85435
-38.54047 -44.82548
70.36089 -48.12868
33.91416 62.99138
5.39874 84.80955
47.69963 -70.68003
12.74601 19.78675
-101.03456 -19.92175
68.01321 -33.72058
-40.89866 80.83469
63.23796 -35.30515
1.62353 90.90028
-85.41389 37.19878
57.49181 -77.01453
9.48384 96.87579
0.16531 -58.18581
-93.67699 -25.97503
74.74704 -37.49860
74.54362 -32.56365
-93.77119 7.96785
-32.90269 -28.70565
-102.73693 -66.42486
-84.98580 -25.70760
36.59755 55.31977
94.34090 -53.78950
-89.07986 -64.92432
-5.25049 75.84359
-40.11496 -64.51454
-120.76874 45.50955
63.16104 -24.00301
87.49586 -18.14362
2.66598 103.34184
36.21593 -80.00024
-10.11440 -48.77244
49.44935 70.72478
-82.66818 -23.17627
46.52181 78.00391
-86.01082 -26.92260
-105.64954 -9.33679
-133.49633 55.96407
25.10276 -44.09141
72.59550 -3.05586
35.07981 -87.59433
6.15681 27.36286
-40.93008 65.34653
85.31638 -46.20314
72.18694 -6.03490
12.66847 -71.73026
69.14695 -36.82697
-86.54608 -87.11667
-48.30647 51.69428
20.61137 105.25496
-42.13184 75.45180
5.97548 -59.33283
6.22326 -40.12370
37.55115 -82.23371
76.95066 -34.96211
28.53511 95.84094
-11.80480 -39.47453
23.39041 100.82588
31.33460 -28.83439
6.49114 100.76515
68.12692 -45.61650
41.47449 90.28182
73.06723 -55.12109
77.93268 -18.85303
2.68094 94.01018
-117.28824 -12.35051
69.06731 -18.93003
-123.17926 67.26233
35.78831 48.46698
-14.66488 -41.62156
0.42690 -62.93913
-125.94869 -38.87128
57.05468 -78.01914
-65.20474 74.25876
-54.82803 34.39051
68.88154 -28.09285
-108.01002 -68.39846
-81.88358 -87.29067
8.64214 -30.95926
62.08168 -60.37360
91.27230 -37.81932
70.30410 -30.36670
42.51382 -32.40389
65.83365 -35.68074
-35.72840 92.05157
5.03675 -36.66285
55.19844 69.17956
72.69035 -24.61247
-9.38782 -8.10174
-124.33628 -20.31066
-101.20528 -22.15311
-115.57996 -41.31318
-17.70200 81.51308
61.18996 -65.87757
78.41171 -58.47303
-132.31709 64.82058
-21.24706 25.39154
69.41864 -25.96426
26.84084 73.73775
57.28168 -35.96080
27.25843 81.08668
62.05505 -59.36922
67.98268 -20.36204
-104.97968 -56.98711
-86.07923 -88.57825
76.98192 -9.74136
-126.63730 72.86932
70.65021 -22.23922
66.23968 45.57181
82.16958 -10.26344
-14.99091 -21.83241
-107.77357 -91.72631
34.74306 99.96669
26.13596 87.47265
-74.60032 -37.56099
-73.23948 55.51501
-120.52034 54.57215
-138.28478 62.71778
-94.73333 -96.90265
-138.06053 61.44783
-110.01799 3.82820
-1.36987 -60.85073
65.59715 -41.56032
-60.28695 27.12349
79.73199 -6.67470
-62.01620 -86.56325
-16.39457 17.31066
3.06212 -55.03115
61.92749 -13.61244
17.85100 -47.05888
84.93987 -58.96609
73.00285 -50.27193
-41.44042 60.64085
53.70854 -21.49168
82.32501 -15.07447
-31.59502 94.41452
-102.34699 -84.70981
-14.48476 72.22711
72.42887 -60.82628
-34.80601 93.66889
-16.59731 65.45279
30.23408 83.97250
83.19413 -53.27744
89.81427 -58.78509
92.99121 -16.70928
-28.92487 -48.99200
-106.38513 -14.07448
72.87862 -33.32405
73.47576 -33.07714
1.43412 -50.93333
-30.04129 72.21974
-130.85415 55.69696
-5.65240 -59.66574
80.14080 -31.01883
9.50059 98.83873
70.91347 9.37216
-98.42989 -91.29205
74.82921 -63.27018
-17.10147 1.07208
32.84143 77.00108
71.34245 -9.58155
-98.52904 -89.86116
-16.60515 58.47896
79.84471 -33.44430
11.91239 111.00984
20.60468 88.83839
75.54942 31.14358
-11.10114 -48.54259
10.17122 85.34367
42.67068 -52.96564
-136.17300 59.99885
42.26048 -56.42420
8.75469 105.28758
-4.02337 77.78088
52.54865 32.38431
-93.08037 -84.12774
67.22825 -71.95778
87.76993 -29.64495
19.67021 -21.31931
50.39963 92.60563
-33.16377 -33.73132
-2.25881 -51.84367
40.43413 10.98961
45.04922 -38.67578
68.32472 -35.85729
-114.35151 -32.50406
86.37854 -15.35879
-111.40496 -36.85146
70.95571 -40.91801
17.23494 -37.75871
42.09044 87.23207
11.61029 60.64609
-30.61942 -43.35683
-39.98506 -41.07123
-109.08099 14.04814
81.02932 5.63843
-85.39271 -64.66478
47.18159 -42.43960
44.32753 52.97065
77.83258 4.12295
83.13771 -60.19420
-9.38014 77.83409
5.02930 98.60661
11.62108 -64.36573
47.90585 -85.41080
22.14798 65.80769
-133.20538 -10.52001
-20.44570 -34.87053
-3.77217 12.25206
-13.81940 -56.21652
-11.44217 82.83405
43.96378 99.48060
-118.09508 -8.79533
68.13348 -44.23517
-20.82771 83.60190
-107.84123 -43.63033
24.90778 101.04420
-67.62796 -107.90001
-30.99400 -55.52215
76.70635 -16.38767
65.70420 -34.79860
60.34761 -62.10110
48.81827 52.85951
-8.04368 41.36642
2.50394 24.98820
-53.07214 65.20516
-120.56896 -18.24860
-23.22522 -39.65020
0.52811 91.74530
-14.39595 -15.98609
-124.06873 61.53395
85.65504 -51.91465
43.20107 7.48529
-38.69494 76.44050
13.94167 95.86501
-24.62017 -33.48442
-36.49374 73.35960
-19.29760 -39.94734
46.04432 -22.75238
-36.72060 89.82497
-68.11655 34.29531
61.58492 -37.20452
-4.25903 -39.34970
80.34814 -30.39061
17.90370 -50.35478
93.39117 -54.72656
71.66735 -25.91915
-95.09035 87.15544
-4.14124 96.92847
-100.91066 34.29205
60.59719 -31.27041
73.29292 -35.61801
45.66404 -66.38999
72.68293 -10.17709
-105.87279 -2.76678
30.83838 3.72948
-125.09642 -68.16985
-119.94795 -26.52449
-25.03507 93.68904
-117.62041 -75.70065
-81.84172 -21.31168
4.29586 -40.26278
76.75274 -13.45248
-17.94598 6.06333
29.89930 102.97366
-14.49310 -22.81550
-27.55053 -10.80449
-73.58256 41.30586
-12.96079 -55.02695
63.00060 -76.74936
64.25915 -60.62451
62.79041 -44.87290
-22.45094 74.93259
-39.45039 -36.91878
-20.04063 -16.73511
82.77341 -28.66018
-7.07377 97.67945
51.54880 86.32832
-119.21358 80.31941
19.91972 102.03661
71.66109 7.97038
-89.25236 -91.49577
-16.29742 -56.45135
86.00387 -51.94469
63.92349 -13.60044
5.23253 78.59349
85.84081 -57.65723
58.19825 6.90036
79.00330 -29.28352
15.35714 99.66137
5.59971 102.52584
66.19828 -20.69590
3.78818 -24.36046
94.99449 -51.78124
-9.05932 9.12440
-107.15012 -7.09518
86.75178 -31.20534
-71.06784 0.32446
-102.29211 -86.67433
78.52682 11.54070
15.79654 -78.13782
65.31611 -79.49001
-47.20079 -45.56208
-102.26992 -78.25294
72.72548 -30.75863
-100.87214 -81.22020
-15.01822 -45.46962
86.15302 -19.53430
-4.39331 8.03557
32.74631 -56.98140
25.67531 103.09627
-28.61820 -54.29703
86.80763 -27.17847
64.47166 -22.69166
82.99453 -3.82043
33.88138 103.04119
60.73914 93.89470
-136.89753 50.59466
70.57680 -17.27869
64.17385 -4.30071
24.17988 100.07782
-102.36620 -81.28694
-14.83996 -16.72480
-11.26328 11.02546
5.47074 94.01879
38.63638 96.93731
91.64768 -22.14721
42.38359 -89.87180
26.98869 -66.50987
13.83430 103.03274
-106.40690 -81.83011
-74.90665 -51.47988
-54.09238 50.01992
-97.88224 -99.68711
57.33929 -81.51950
3.34452 -64.91918
-132.47042 53.71409
-105.51431 -93.64693
-19.61763 -6.31092
11.39981 -33.34524
-27.56084 -2.55743
85.13873 -5.32886
-14.63233 -60.62324
33.22755 85.98848
77.25903 -12.79222
72.42304 -0.07594
40.66804 38.57224
56.91037 -0.45207
-0.79180 -6.02006
-104.64474 83.51063
-117.48688 64.01948
-48.88523 -55.12673
73.34279 -27.91306
-126.00572 71.50431
-26.24052 -24.62690
-138.08619 61.13024
60.53310 80.14413
33.12599 19.36077
-55.77173 20.43081
-21.86947 -51.61001
68.68911 -10.81407
-19.27682 -35.59401
46.00681 12.65980
65.88187 -4.06508
29.15953 28.93310
20.93353 28.72690
-118.01338 72.39360
79.78738 -33.97299
-96.52854 -51.16099
7.03126 105.62357
-90.42373 -104.68641
32.58026 54.66986
-35.79655 51.73982
67.24317 36.06563
54.17328 69.22873
-99.36789 -20.69845
-101.25464 -60.70199
71.55245 25.49527
-0.22272 -75.86085
84.88189 -40.52144
-16.35481 -20.24628
-101.88970 -40.96433
11.15882 109.63559
-30.63871 2.14645
72.67780 -34.86817
2.53834 84.16895
33.08836 94.31427
6.35300 20.75904
-37.13703 72.73548
-54.76579 44.21995
-7.64397 14.95820
20.69826 -77.06065
49.28122 -51.59582
-107.18460 -54.80419
16.46217 -24.36172
-102.42511 -86.74257
84.02814 -62.80865
35.16637 -48.63571
-16.53727 -6.35405
66.05677 -28.23814
17.70989 89.26675
-104.15214 -84.15993
-28.00114 -39.59889
33.47228 23.12617
55.03735 -65.52699
-78.83230 -87.59478
-27.57567 -47.21915
16.99513 83.64756
85.48632 -60.86261
71.19548 -19.24651
-10.05369 -43.00706
-84.75491 77.64741
-10.38931 81.18088
32.08347 57.77592
-0.97591 -50.76520
-52.51398 72.55076
14.93944 80.40005
-101.07920 -72.63342
46.51777 -47.97741
66.92837 18.37159
-125.42992 68.90067
12.70676 96.16357
71.01791 -31.52950
34.03231 -55.65375
-10.05828 -23.16784
85.89933 -16.67281
75.11047 18.31518
14.55739 84.25237
-67.42669 56.77413
-13.89328 75.70757
69.84318 -64.99313
-3.25432 -21.45460
-28.79580 -39.37704
54.80425 -23.57911
63.86720 -27.83015
-2.67634 -4.48222
-31.73584 94.07142
73.70796 -6.57260
-10.92723 -41.76932
75.87249 -33.57130
-7.36365 89.28661
52.18026 -48.86988
-111.03224 -90.67940
24.32846 -45.03933
24.44831 103.96642
44.92545 28.90795
70.99657 -37.53672
-108.57206 -54.83538
-108.26159 81.06833
1.54536 79.03318
66.93344 47.83976
-109.77716 -85.91039
78.49216 6.46859
-29.96710 70.70009
-16.66012 -18.05206
41.10072 100.26980
14.76850 72.82155
58.50985 -46.30240
-118.68303 -72.16499
40.94630 72.29850
40.33202 -4.19298
-105.40065 64.66519
-12.63977 -80.62489
17.16321 61.64373
93.64178 -54.80993
87.73305 -18.01727
20.57668 -21.91626
70.12057 5.69943
68.29620 -31.38950
-61.49821 -34.49681
64.76758 -7.57928
25.50715 103.64381
-93.24691 -9.51162
70.80375 -13.52429
-25.57914 -14.80899
-110.85694 -82.74787
20.23067 -53.92589
-5.13882 -47.18524
11.25725 99.22488
47.73530 93.52167
44.23102 72.04716
-33.35288 65.84193
-88.27743 -34.76598
75.42984 -41.72283
61.79752 -60.67584
71.97264 -44.79328
-91.11006 27.86975
42.78262 -32.65301
65.35482 32.11911
-67.32472 -17.85847
4.04322 94.87436
60.09693 -67.70012
-128.20366 61.16616
-25.23492 88.33940
62.32762 -77.47971
61.18907 -38.29959
45.23353 96.88440
68.53122 -43.07440
-126.31958 -70.88887
-114.30836 86.78772
-92.66295 -50.69639
89.42290 -8.84598
-5.77139 -39.42624
-101.60592 -91.52133
-27.90119 -37.62946
88.48515 -23.79822
76.16512 61.40037
10.17049 -54.56512
-82.90925 74.25139
66.96494 -27.22145
-23.98339 -11.03416
48.09106 -54.60506
-43.07231 75.04488
83.75553 -48.90316
-89.61483 -57.74029
25.04038 73.97509
22.95379 75.35533
-115.51240 -87.05057
88.12215 -3.93928
13.47540 98.96487
37.73398 93.13546
72.87718 48.08441
2.88170 104.10762
37.52636 96.00235
65.81158 -36.92674
2.90471 -60.64779
-36.33164 -58.89265
19.54598 34.37029
0.67401 -50.99560
16.33308 -65.91793
-17.97947 -26.91026
67.13444 -46.67348
73.78358 -20.40543
55.17763 0.72931
-31.31888 -32.97998
-101.67637 -84.42734
-86.07362 -46.57470
-21.33751 69.72218
80.01399 -36.30293
25.85391 86.84435
-102.33407 0.34088
-52.50969 39.44178
-12.07938 -8.11236
48.80391 -0.81760
9.44193 -25.64501
76.01228 -24.57974
66.03585 -76.28543
24.55579 81.71510
-100.49956 -63.87352
45.22272 -37.66703
-49.59598 -75.48892
-55.17163 -83.66521
53.99381 31.90370
-12.67928 -50.86169
69.03856 -23.66489
-96.70294 -61.06008
-56.05989 43.46868
-115.36857 49.47196
38.33038 83.81851
-8.01796 72.57514
86.69175 -43.41229
-40.64376 -53.80299
84.81403 -7.70112
-37.69404 -28.31640
62.44981 -40.14896
-94.51967 -60.07988
-35.06519 -50.05855
29.26265 88.71097
-23.04048 100.66356
-13.64344 -50.82342
42.96300 -70.61609
59.34843 -45.04045
74.65175 -75.97515
-84.33369 -42.40646
-31.05238 -3.81053
-15.15903 -55.06150
-112.77839 -74.35384
50.25555 63.56725
49.33539 4.09220
2.65613 9.91579
-5.80954 -43.27325
50.23012 3.87621
0.22944 -8.49480
11.73386 106.04983
18.39045 -31.84398
82.89489 -28.66353
29.25836 -72.06636
83.51707 -26.94796
-90.74615 -16.32764
-8.48108 -3.22291
60.56161 -30.24710
7.56497 100.69188
-126.52022 4.87628
0.05563 -74.50733
-107.37842 -81.75281
-78.46342 -66.18788
-72.54523 -80.14358
55.68950 -37.20725
61.60830 -31.24083
-16.91478 84.27261
81.16304 -52.62245
50.67619 93.92096
-81.09207 54.41585
-89.75902 -69.35982
85.70123 5.93688
11.95267 95.02601
58.47042 72.77438
-90.05308 6.69352
0.19697 8.78947
-14.68780 75.47062
-12.70892 -51.91506
-75.93005 -81.60294
8.97768 22.79027
89.09065 17.40051
-9.27052 -47.20031
-81.42038 -77.77892
63.60095 -33.43340
65.08021 -16.40678
-25.59235 -42.17992
-45.03157 87.62366
-103.23643 -1.17110
68.14577 -5.99686
-99.15593 -75.17948
18.83486 106.72854
3.70913 -69.40078
54.63493 35.36282
-8.62937 -43.15314
64.28115 -32.95882
-20.79374 79.89774
-22.42880 -29.17225
-14.58263 13.35235
24.39747 63.60083
1.90320 83.68895
7.76425 75.53141
14.94325 -80.26881
-39.17854 -57.14102
19.47336 106.77750
59.58691 1.61677
-89.76015 -83.49501
-133.21935 57.04669
72.29186 -69.90185
40.23247 96.61389
-87.91827 60.71857
-5.49752 98.02177
-26.93688 88.65984
48.30747 20.08230
66.95024 -31.53538
44.24707 95.57933
-7.81931 -57.59285
-99.52668 -36.76900
-55.12937 86.07845
68.73141 -30.04100
-118.04655 70.57654
45.47860 -39.99253
-104.13119 -96.37957
51.64247 -43.89965
-16.35089 -58.39985
62.98826 16.84858
-38.00769 41.96497
74.61796 -68.25009
13.96432 -78.22802
-134.24813 72.12343
-99.73597 23.25618
-80.85119 -71.62861
65.48186 -4.92399
87.01023 -28.89454
98.63144 -36.09564
-20.66430 -54.63205
84.47102 -59.69917
79.41632 -28.42033
0.89547 104.92900
-99.60124 86.03641
-114.20438 -74.46520
-72.82097 -94.81991
48.30381 77.60517
-46.60347 -50.48647
36.61007 102.19255
-102.17589 -20.44222
-124.30619 3.44958
76.32358 42.66691
58.39406 1.74726
-93.02468 36.03497
-127.68176 -7.71424
43.35164 -42.37051
-16.43652 -54.87323
11.15328 -51.70002
72.10923 -35.54669
-47.42686 84.16656
70.17494 -22.53675
31.31693 -49.68179
-20.60429 106.17747
-23.61192 -29.02039
18.84709 91.40139
81.93725 -16.96559
30.04035 87.86406
46.70670 -32.41250
26.73414 101.59102
-102.96395 -98.64074
13.52797 78.78475
65.40875 -17.70756
57.55785 98.11779
-101.80866 14.11551
-20.79872 91.19892
10.11846 -48.93807
-17.21354 -7.31157
-27.19752 -29.20743
-91.49940 -96.14071
-124.51264 -20.07414
-115.87493 -69.61321
13.17377 26.20522
-111.62625 -58.28274
-67.61236 34.10535
65.51211 -72.60186
-2.41897 -41.02382
-85.01068 -39.84773
47.39167 31.93443
18.09875 -65.39431
2.35560 -82.52296
66.74101 -34.17413
66.81790 -55.01066
-65.54069 55.07900
-90.64311 87.47518
26.63741 98.35013
2.95104 -33.79324
64.98192 -69.90473
67.82428 -11.62067
-14.64120 105.83820
-17.53987 -59.36145
-1.40299 -37.88436
-116.79915 65.45637
59.35240 0.88112
19.81524 95.49426
-115.15981 77.69556
15.65103 12.61421
21.79239 89.11884
-20.13238 75.95848
-4.21783 83.78499
-2.60283 64.70371
70.24928 55.70363
-17.78077 85.47445
41.74654 -56.26591
-22.21863 -6.00726
36.23798 90.44396
51.25229 -36.35675
-29.72443 93.15166
37.71387 -51.31844
-45.58981 72.10552
83.06299 -72.30481
5.18196 -2.80826
46.23216 101.60491
-76.75926 -48.83627
93.57564 -38.49431
-1.54312 96.72456
10.44793 -31.87412
-7.83785 8.79828
-11.03322 -38.60463
75.75710 -35.13183
59.99087 -28.90927
70.60732 -22.23869
-118.80438 76.41703
16.92411 98.47424
67.41283 -40.73489
-110.79342 -55.08200
-101.69347 -75.13029
-20.12263 -16.25451
71.16189 -36.66893
69.33603 76.67656
-43.58502 -75.63645
37.56168 10.08094
12.42306 -55.98542
63.03088 -53.05430
-5.25081 99.83133
30.13654 75.44002
12.16089 -38.09518
48.24879 -95.85327
-125.24943 1.59852
-72.49019 -19.23393
-10.13656 15.22358
85.75059 -34.90633
72.57660 -11.07834
6.65917 -64.56691
-17.56030 -42.42032
-99.48357 67.42232
-89.66053 60.99514
76.70414 -64.06943
55.28730 -45.06459
20.52312 80.49536
53.34349 24.60616
85.37550 -55.03815
34.80463 85.68624
90.43094 -37.81934
-113.22773 -71.61571
30.63980 85.32949
38.93036 3.93258
-128.48142 -19.97865
-101.31276 -89.71642
30.59825 97.95292
72.42117 -29.96764
88.94193 -9.89377
62.76615 -39.78277
-107.30277 -91.89584
-105.05859 -96.17302
38.64625 86.96460
-39.06380 63.82688
-61.64283 63.87846
-136.26439 63.05798
-36.47888 66.55118
87.61389 -57.16480
-85.33874 -45.48159
24.52843 28.16339
72.41650 -9.34467
-24.47033 -50.80014
-100.96404 21.77634
-14.72910 -21.78022
-8.70306 71.41058
-95.01490 -55.09961
-120.41387 66.11600
-17.28375 -54.22749
34.14676 98.12484
-131.57217 64.82689
60.03790 19.47346
29.08331 23.54759
72.35915 -27.69533
63.45480 -33.66793
79.82478 -7.58192
-113.29913 77.52751
69.48583 8.97472
-27.56099 -73.80125
-6.66939 -49.16085
52.49643 -4.12737
-45.30479 -76.08966
-24.70941 -35.83051
1.75347 -68.88123
-16.74138 -52.55509
66.19171 -25.11010
-72.65511 42.32147
89.05555 -57.15446
-12.88681 98.02625
-18.27948 -43.98876
-29.27573 42.32423
-27.28857 -65.56408
-27.11051 -61.51703
-98.34142 70.03673
1.61468 -36.30303
37.96360 -72.42163
76.94491 -20.20897
86.94223 -30.08818
76.46251 -0.13010
78.44449 20.08075
82.69307 -30.91665
1.30671 19.34593
12.29453 77.23693
-18.17780 -5.59062
-32.75349 -65.59118
-41.44857 79.54458
41.68104 93.29734
-7.36835 -50.34493
77.44402 -77.79541
78.74337 -5.90473
-125.46305 67.95012
-25.32371 62.30295
-8.16905 4.12762
21.27882 -25.26167
18.56157 65.67141
29.99220 33.66098
26.95341 96.34962
-106.27422 -84.15865
35.07210 74.83511
59.11830 -36.42693
1.21114 76.84997
-43.62789 83.97595
75.43245 -32.12754
27.23579 94.96070
-5.72234 9.63797
-2.86602 93.10233
1.02998 101.00309
65.16215 -6.70414
-10.56401 5.76608
-60.63203 15.56379
-12.38154 81.86276
-116.24469 18.91965
18.07919 105.93877
62.63624 -33.60190
65.06195 -60.49590
-51.64454 62.82063
58.29795 -40.06771
-79.04074 -1.25527
19.78472 68.67051
24.60609 109.14852
30.16248 65.76106
-122.61073 63.60939
55.20980 -19.65385
-13.10642 -25.44236
-28.63097 -34.06117
-57.50804 -83.08482
-17.53676 -65.85686
31.71901 -47.94830
33.40350 102.51315
69.66567 -29.59823
-109.27756 -65.64831
64.23963 -29.34171
12.19913 99.90027
12.67208 96.65693
59.55241 -22.44668
-23.91688 91.13237
-126.39187 62.81016
-125.55295 71.18311
65.95354 -2.46696
-124.47456 76.18502
70.00391 -27.25808
-101.79443 -95.66209
76.45357 17.07449
-15.97745 16.39750
-33.68786 96.94802
2.43480 107.88645
22.62852 93.67759
-16.30475 -78.39097
48.66807 -29.15962
-133.78903 66.12949
33.84646 74.21408
-29.65278 -25.14207
73.85030 -19.63023
-9.98975 76.34964
90.63089 -17.81398
31.68874 8.30828
-115.74318 44.03775
2.87570 -69.66853
-97.52650 -83.34242
41.70510 19.42151
77.39102 -68.36653
57.78209 -31.46706
-34.88485 67.96289
98.31581 -15.31162
-123.80643 -68.31004
32.37526 97.10925
45.68898 -5.32534
70.38612 -28.15075
28.63646 87.17486
-34.24004 -51.40727
-15.20084 90.68605
27.24167 98.20294
-16.75401 -47.20595
-28.66800 24.40411
33.33573 83.05894
-25.89842 -9.11135
-92.76917 29.83614
-3.45691 87.74165
-14.82666 79.23534
41.51064 56.54063
82.83481 -22.83623
65.14675 -22.91703
76.88953 -35.84195
80.69391 7.57576
-110.19152 -29.32069
67.88862 -35.44913
-79.63916 -83.66531
-22.88504 -10.16207
-112.27243 -79.85313
3.50284 -40.83348
66.77905 -0.94242
-0.30185 116.79463
81.57156 -45.32557
-12.17816 -52.58438
26.14907 100.82292
66.23303 -18.45471
-90.27309 -78.58399
-20.15158 -45.16388
87.46191 -26.14504
-1.23236 -3.96976
64.42608 -21.77844
-84.52889 -86.92607
57.51908 -5.81486
22.32858 96.66194
-23.37036 -47.35279
77.65198 -11.80652
-37.76494 -17.03164
74.24844 -36.77848
-5.74614 -56.54699
73.34510 -70.54215
-138.51909 40.75676
92.27268 -55.03749
26.09247 47.42982
79.11853 -49.39456
-102.52334 -15.02006
-125.67868 69.90640
-111.27354 -62.64405
82.36163 1.77820
5.33865 106.52346
63.10139 79.12577
19.05934 79.81678
65.34746 -32.84503
7.52543 -5.15722
80.47707 -34.35442
-127.06541 65.11515
68.72116 -14.10384
-108.01814 -78.14378
15.51631 98.63529
1.67129 93.79204
95.07040 -6.60973
74.48129 -75.72234
1.92798 88.41912
31.38075 76.90501
-28.19607 100.17656
-51.34417 49.46246
82.18925 -0.16234
-3.34715 -74.60300
-4.08248 -48.37005
89.53774 -51.63630
77.62065 -26.54686
78.37068 -11.15581
-23.75796 -24.04422
-17.23674 -60.12284
81.64178 -32.46971
74.95055 82.84620
-147.71185 46.52703
-5.23225 -64.33715
10.84454 108.91188
4.20069 100.82495
2.34621 4.91367
71.84574 -13.78140
42.74216 22.99721
-30.84132 -53.36789
-114.53842 -64.24701
-0.26143 -14.96158
53.71886 -61.77886
-113.48214 -31.43997
7.29933 101.20963
62.03067 -58.26235
-15.33590 -44.83167
-9.92017 105.36831
1.67533 -63.77623
6.56822 26.98564
4.69354 105.00832
4.01662 -27.56493
-30.95086 -47.38470
90.24076 -9.56318
-78.71923 -69.40534
46.80819 -25.75345
72.44625 -13.71796
-131.42433 44.84062
41.39473 3.74765
83.28364 2.16066
49.88388 -32.20665
38.50458 99.29065
88.96741 -55.90484
68.81071 -54.23136
-23.20132 -45.37561
81.16093 -22.54758
75.65724 -70.58047
12.13951 97.05628
-85.03851 -81.52332
-91.73335 89.37030
62.33786 -52.30398
-73.21730 -76.40779
49.70259 -30.62250
6.53545 8.69365
-94.20853 -97.88209
51.56990 -20.84392
-0.48200 89.98519
-138.02581 56.06193
-97.87673 -89.00775
-18.11702 -49.27511
-15.84283 18.76257
44.78749 -86.63265
-35.62701 95.70955
21.37244 98.74730
8.47358 89.50235
36.00852 85.48182
72.16849 -56.75082
40.60558 98.36057
21.75347 97.58361
-18.40483 -48.64658
-78.20115 -76.75589
39.84541 43.84471
75.97665 4.06683
-121.63882 -24.59733
-81.92411 -60.70731
42.24765 101.56547
3.63075 18.90712
12.70894 5.27831
3.95842 -47.15789
63.13204 -42.46345
-1.94574 78.21607
21.01268 32.06288
11.60148 79.48433
-6.52101 82.13625
40.32538 -67.89438
-11.03672 -52.18602
-25.36261 98.36068
-71.15209 -83.34008
-97.15917 84.82018
-6.80329 -49.80108
63.33564 -22.23510
64.82660 67.78021
80.15958 -16.29225
38.07740 -20.39601
51.06059 95.80167
78.80019 -33.77375
55.26881 -40.83709
38.69222 60.11731
43.01961 24.56243
-81.84641 -59.83501
67.55791 -35.67096
7.08040 -10.22953
-22.19414 -41.99122
78.37716 70.22499
33.95087 17.88489
14.85697 -9.64321
-62.07086 43.13307
27.63671 80.95144
-109.77428 -45.62122
-113.49939 61.09113
73.51792 -6.87998
87.11972 -27.37168
9.39841 96.17008
33.32440 77.61326
17.76653 100.18271
-10.44480 -25.88538
8.36440 83.32354
-122.20833 86.06254
73.71672 -34.59110
78.28782 -16.14511
68.41044 -59.09789
34.65846 78.91905
7.42737 83.64355
-48.50844 80.85752
35.59637 11.95186
51.87581 -60.37328
5.99752 103.90749
47.15161 54.93063
-83.35429 70.68758
50.55951 92.76411
-0.68240 89.48701
9.22533 99.99942
54.31304 92.22943
14.95831 100.17680
46.63348 79.94373
-133.67359 60.44059
-71.75487 -21.23979
62.98285 -12.00910
25.59574 -21.50727
-24.15683 -7.86679
65.95800 -2.69009
82.52852 1.73371
36.90580 94.70572
16.13399 -49.79637
7.92271 86.98025
66.58376 -12.62333
-66.63642 -88.72683
86.93224 -33.45214
-116.68097 -18.47213
76.35882 -31.14357
58.65178 91.14829
60.09150 90.17802
88.65285 -2.97809
43.75637 91.96276
66.77516 -56.97579
41.01205 -56.61935
83.37437 9.16290
58.03550 -30.02832
80.14923 -34.01451
-74.57613 1.51200
-113.35160 -16.10471
-96.62779 -28.07404
68.14527 -49.93496
80.49758 -31.61339
63.95749 8.57480
-4.93622 -26.16438
-80.69829 67.77172
72.50822 -7.43997
-46.55619 57.64052
-88.66295 -50.49647
20.80876 102.39929
-124.58881 73.04334
10.90199 67.29439
-33.81510 -54.90306
75.37429 -28.83740
31.99238 69.02476
66.56754 -6.67401
22.15604 -42.88849
-16.01910 -45.64300
40.19616 96.55043
-118.64171 67.75413
46.09886 16.14046
82.86293 -62.64493
-48.59807 49.59315
-100.56349 -91.97183
65.90653 -12.83052
46.90895 0.68630
-36.48423 93.81796
-40.10583 -63.02756
16.86546 52.88973
83.38592 -21.93584
66.73508 -71.80355
77.92434 4.92018
-88.18677 3.19180
-22.44186 -45.89412
-2.82484 -6.47336
29.67257 92.83085
84.12964 -37.54119
-21.41504 85.70111
28.67139 74.99520
21.08827 -57.09690
-108.24822 89.40917
-145.82665 40.75219
-84.15851 -20.46557
6.84114 103.89470
69.05343 56.25266
-111.72088 -0.96873
-8.09413 79.91856
-6.71027 101.57332
15.96178 -56.06792
-28.58776 -54.48295
-33.29860 -52.59986
81.50606 -6.59365
44.59789 29.25983
64.00742 -61.49112
-36.28305 -85.44925
65.70819 -19.71716
-16.03233 -67.85780
22.02772 97.82142
-12.35528 -30.60916
-92.50693 -41.33173
-40.40748 -42.98110
-125.71592 68.02343
17.45932 85.40365
10.10400 -63.37293
-121.10641 65.99365
-33.01234 1.61747
-87.61036 -63.95720
4.32531 -20.10529
21.57538 -71.61320
-16.52228 -49.06615
93.09131 -45.23446
37.10485 92.11007
66.99267 -60.10949
-104.43512 -4.93711
-10.96401 -52.35017
-8.86514 -49.14375
9.74506 23.93737
33.32746 -62.82406
31.02373 51.68630
-81.39590 -75.12797
-34.25019 62.61952
-107.64116 -9.54691
13.79575 102.63896
-11.06090 -18.06345
-107.74205 -71.43896
20.38715 94.06489
-142.47928 32.67828
-98.40913 -0.15818
-23.48475 -44.54916
81.57140 -57.76179
-54.82024 79.51124
-136.83297 46.20707
-20.98682 -40.92792
36.33496 77.66513
31.71164 34.80773
-1.06194 101.75513
-93.78917 -43.34431
75.22548 17.70340
87.51149 -17.79403
-17.68983 -39.28413
-18.33360 -55.71013
46.87149 51.34969
-113.69123 -65.00417
22.61846 17.47708
-112.66600 69.39385
-5.35817 -44.79349
43.90491 40.30635
-114.10222 -68.25356
59.88852 -14.31088
0.05728 -68.06962
-16.64482 96.26112
64.28121 -22.76488
60.98253 90.00100
-101.87302 27.95192
-24.83949 -37.11858
-11.63488 20.63206
-108.64983 -0.70903
83.87904 -21.01817
-56.29480 -63.99847
84.74993 -1.03272
-25.00845 -65.31779
-136.04752 54.60193
73.17935 15.15990
82.67478 -45.94967
35.49991 102.68481
30.37627 -71.13494
-55.01101 64.62382
63.08338 -51.14652
60.26628 12.60232
75.65433 6.60243
-66.14082 -34.91493
-0.39669 -3.19609
-114.87304 91.60942
71.44173 -21.98125
46.19859 -47.80334
-104.55783 -84.48796
42.48906 97.33002
-20.13958 -15.22583
-1.51685 -57.81458
30.92143 99.51390
51.48550 82.16907
42.88146 71.85099
-106.87660 -79.95729
-17.31686 -46.33846
45.25108 99.51312
-20.71120 -22.03581
-15.66678 -22.46312
19.90181 56.88950
68.60279 -66.63289
-116.57033 80.39086
-130.42627 61.98165
45.46323 -72.03018
-3.77554 76.93183
-25.01592 -63.72371
-8.03837 -46.37870
-99.95331 -85.74965
-2.87510 13.17405
52.77985 8.08061
-46.89405 97.08939
21.06456 24.44690
18.33686 100.56006
-17.54198 -41.88316
78.00131 -28.03080
-10.07579 100.93540
52.96816 72.70916
71.91346 29.71750
40.49460 39.81251
-29.84637 -9.99931
45.82985 100.94380
7.62484 -51.19460
77.72974 -61.57594
75.68796 -27.72060
25.04882 -45.55984
-96.49838 67.20455
84.64719 -34.93026
40.90264 -56.46755
-116.05651 -70.73378
-90.35961 63.00650
92.11736 10.77507
-2.87664 101.57494
65.84527 -18.19666
17.09083 94.79332
97.49104 -39.85631
79.33762 -3.87545
66.77378 -21.21415
-143.75084 54.76870
-122.51518 60.77410
-130.58566 61.82385
-32.04385 -48.65330
72.36435 64.86086
-3.58620 -79.00008
79.31565 -16.48998
-63.25636 53.23752
-11.75801 25.76085
-5.92965 -65.87974
81.56771 -24.33933
0.54733 93.08383
-132.57299 58.82510
33.70369 96.80421
19.27264 -62.96203
-32.93647 -14.64637
91.16692 -40.89932
86.26834 -33.68062
12.93902 71.15225
78.67296 -53.71902
-18.19015 -30.12456
1.60461 77.93512
36.56036 14.16989
93.91302 -31.35933
84.94238 -17.27038
-95.11893 -63.67608
-31.23411 76.85936
54.56726 53.39122
-23.80782 51.56492
-105.43193 2.43436
-8.62847 18.76298
7.97612 98.96357
78.70853 21.69689
52.09279 99.46106
43.87089 45.44672
-28.91000 86.81325
-43.39920 63.44373
-61.15156 53.42228
-23.85481 95.38258
-73.69184 -75.20951
27.49189 58.03171
73.32986 -27.86629
0.55034 74.46925
81.08544 -20.32044
-135.84494 65.54599
-126.38502 72.34958
2.00748 89.59831
-72.90729 -52.21215
-18.76284 -57.58919
66.47915 -32.17966
-140.87236 34.69664
79.79939 -58.46284
80.65222 14.97866
-135.25675 56.47880
7.25314 105.88276
70.50868 -26.93809
0.93261 -29.68118
0.67010 91.09730
-107.02881 -86.53695
-116.89286 80.22045
-84.96399 76.25557
65.45493 75.37477
-30.80458 -51.72399
58.44100 -79.99509
75.08958 -18.07537
-30.58299 -58.68266
-66.56958 55.13115
69.23866 -25.84880
28.77746 103.04820
56.39695 96.92261
-24.49547 -59.32117
63.81100 -77.98191
68.15353 -30.28828
-57.85749 -83.69348
8.73659 84.71201
15.15094 22.79461
-4.37161 92.73023
13.00831 107.88192
89.63292 -18.63158
44.55392 -79.43063
-23.12999 -20.60271
86.72279 31.94904
-24.08579 75.67287
70.22273 -76.77754
0.32480 -75.39295
-3.86093 -46.72872
-67.94595 -79.14034
-113.29403 -67.75977
-17.63386 -51.75959
-31.28210 -57.11573
71.03130 -12.31902
10.49153 -39.51689
-84.62219 -83.59454
-86.91356 -21.80184
-91.20787 -68.19436
-30.88950 -32.87669
-32.53247 -75.12502
-133.20316 63.63441
-23.65897 -2.38851
-8.09394 -36.31645
74.47958 -19.65386
67.71880 -19.93621
-11.85836 -14.14335
58.40049 88.17110
-129.36101 -9.17383
23.27531 99.60927
-83.52302 -12.79948
-10.80104 92.20128
23.29599 105.59861
-29.67518 -20.87734
-26.05888 48.88998
68.46152 -1.64720
70.02049 -67.54247
-96.15762 -34.15758
-26.96256 -60.64280
81.46007 -31.84314
49.68812 -42.92681
-89.13980 -85.78524
-113.39643 90.17194
14.51351 109.70122
-72.94940 42.83764
65.68298 7.76016
-119.49892 81.97523
-11.21154 -20.25086
44.37511 -71.98738
-74.62604 36.13051
38.53168 -4.10283
-15.60765 86.28743
80.49098 -37.46860
69.81922 -28.29562
3.98016 -41.89051
79.85819 0.17627
57.16976 18.63349
64.31579 -9.94281
71.95408 0.20016
18.46143 74.09471
55.18851 -39.69732
82.19659 -18.15377
50.11137 -18.07521
52.12178 56.11190
50.67105 -52.94679
-101.48542 -82.03882
-13.97605 21.42412
29.89779 -67.78370
46.54504 98.77444
12.80142 -66.57210
-105.92281 68.29987
56.96341 -2.72931
-14.98518 106.36174
-0.91771 89.93315
-17.50946 -27.96475
31.61645 104.63704
-12.83403 104.72741
8.24723 102.97909
13.10044 110.61543
-31.45975 -31.64575
25.55935 93.41857
79.04348 8.11958
-112.80676 -55.51190
-137.92003 36.27232
-104.54638 85.87119
-102.36078 -92.74187
-132.16512 66.20138
-67.85057 61.04467
82.46530 0.20328
-19.33741 -48.86893
-102.25997 28.19890
33.51074 -33.10811
15.12213 -65.94317
59.71466 -29.48088
-8.73486 16.37941
-23.77349 -42.56092
-15.04411 -8.63701
20.41997 94.84684
22.36235 -69.91049
-84.63209 -90.65939
-6.01800 -47.75468
79.59125 7.59814
76.82199 -39.32400
73.59578 -22.27936
73.38202 10.77144
19.33193 68.03904
82.28905 -4.83522
-33.94538 -10.29586
-17.71978 -12.62028
73.14494 -50.36812
61.94937 -30.73182
84.84380 -24.86122
-29.71354 79.60605
-34.83401 -16.75153
-41.05917 -71.93455
79.45014 -4.38442
61.62041 2.19491
-105.56248 -77.78512
-95.85379 42.03066
63.80608 73.28397
14.73512 -26.42915
69.49699 -34.36797
48.90963 -15.87675
-35.15222 -49.24063
-132.75761 57.31421
70.75909 -19.08830
98.66574 -30.58906
-87.13565 -86.81641
75.97129 -32.01001
-129.77231 71.13550
75.13470 -42.73610
-15.71027 17.21345
33.25514 -44.98546
29.17806 97.92455
-125.18739 -9.81027
-34.81249 70.34565
-3.22423 -55.99676
-2.13501 3.99176
-33.89537 72.85309
-90.46419 -96.10545
-91.24948 -73.00237
44.60595 -23.64462
-9.21531 -22.88249
-9.72774 -48.34048
71.79229 -21.64444
37.38701 90.24769
83.88124 -6.71977
-20.43459 -42.70390
-48.98841 -75.42374
0.50410 -12.75529
-99.59722 -75.25649
74.94436 -11.73738
31.60317 89.52096
65.35185 -6.87242
-7.14772 12.92563
-4.31633 85.41267
22.82255 101.97700
19.31995 -65.24707
10.31162 91.30306
4.96913 99.69724
-15.71484 -8.45879
85.31448 -17.75310
20.04454 59.19387
22.71193 -55.77672
-98.61292 -75.33738
83.19469 -22.91663
-12.79115 -51.88598
86.13701 -49.85063
34.95498 73.95184
79.43640 -14.32583
18.08748 74.60663
53.43911 -76.72076
-11.92524 -19.61202
68.90184 -22.59358
20.24577 103.74753
80.70541 -24.95304
-0.60985 70.74091
-8.17352 0.63458
-20.30189 -36.89558
39.71811 53.13047
47.09914 78.78171
-107.92703 8.29895
56.85678 98.74003
-93.29768 -73.17705
69.73549 -68.26958
68.60134 -13.91730
91.00036 -50.44665
26.12021 16.45861
80.86413 -6.24906
-31.68084 -52.98611
-75.59836 -89.63081
-12.42196 -40.58018
-138.27621 51.83195
-19.67624 86.03792
16.24891 98.02547
76.92063 0.92134
83.78160 -10.95086
-16.15073 -47.53595
-106.85683 83.99453
-44.46954 -21.81605
59.30180 -39.06246
84.68231 -47.99569
12.70225 95.18279
1.40826 107.02470
67.62060 -34.09659
-134.41752 50.83985
34.04110 -73.64069
30.83354 -58.81244
62.90506 2.74221
-92.38237 -59.90662
-92.81489 -31.87329
17.75319 -68.72026
82.85995 23.65840
-103.17471 -21.48449
-24.02119 -18.02832
-87.28604 -89.22634
40.62908 59.82981
-2.66596 102.17770
27.05592 99.84099
2.77875 -6.83834
-97.93779 25.50811
-23.93607 65.31425
-9.85150 89.73099
1.12210 99.29808
78.84672 -16.51465
17.24187 -55.76933
24.45059 70.42400
-22.22170 99.17255
-7.59492 -16.63331
39.60009 72.45467
-9.74878 -36.20031
-96.04068 -79.90041
78.13202 -38.30587
15.44820 58.64199
-94.74427 -94.29825
-9.24097 78.98590
21.26967 72.72663
-8.03292 -42.56717
47.90996 -13.13471
44.15441 93.80204
73.76528 -78.01965
82.43565 -65.63293
-3.79891 70.86756
-5.36405 88.91219
84.85186 51.29128
38.66096 68.62494
50.21744 -42.51968
46.60200 99.43758
58.90133 -36.61807
44.19432 -61.88926
16.66928 93.86348
76.03486 15.73756
-106.17187 -1.50121
97.88090 -55.47685
94.03689 -3.04279
-34.85201 36.54602
49.06295 -2.85235
-23.42777 -70.27026
42.37586 12.41352
71.67414 -34.91416
86.82677 30.50724
71.14080 -25.86257
81.94936 -31.77097
-9.44119 -56.53165
-104.76075 -65.31134
-101.52888 88.42932
14.39578 5.55168
-16.36866 51.84370
-5.34521 -42.62246
77.91828 9.63005
15.83613 75.46889
92.80651 -46.80267
67.23290 -30.63719
9.64209 -3.35419
74.97195 -31.40488
70.33468 -6.11658
64.67778 -0.23374
7.69288 17.08767
66.24159 10.92342
-117.67191 80.85412
64.21811 -60.31260
56.38129 -32.35020
42.41809 86.65509
65.90770 -38.93897
60.90539 -35.96768
-115.60650 -69.24068
-4.68379 78.57081
-15.88191 -38.55880
52.48573 -35.85826
-94.26473 -88.79269
-109.83239 -85.38314
-25.09558 -39.25935
52.33905 -53.84629
32.17243 79.61738
-98.87761 15.21509
-18.42295 -54.96692
54.75770 -9.54602
68.73598 -29.71264
-103.58894 76.33929
-11.20758 -46.08993
73.87147 -12.48887
-113.44611 13.16000
14.09266 -37.96812
66.08415 -65.45255
-15.47523 107.36329
45.44823 86.87515
-106.15783 -15.85397
-120.47929 68.81347
29.12539 44.77052
64.00592 89.30091
30.31882 102.01939
75.26709 -25.79601
-127.17230 76.70269
-36.67115 -46.18773
-33.82368 -57.07513
-14.37211 -11.27383
82.86768 -52.40637
-105.90019 -85.90847
-1.86735 -73.88096
-16.53816 97.96633
-85.86741 -89.43802
-7.44162 83.18441
63.61271 -23.52859
52.26122 1.71332
33.27178 59.30335
45.16180 96.41776
86.67072 -9.19708
65.43403 -30.00493
12.07086 -15.10030
-137.71653 58.50773
47.27778 -70.06189
4.86543 89.16602
-12.17948 90.83053
5.57291 100.38456
-26.52414 -60.60583
69.75901 -40.77159
75.15981 -37.12069
82.40376 -30.21886
-21.21739 16.08753
-20.92993 -47.05048
-40.39932 -48.32401
-6.82595 -51.11737
10.73298 80.19504
-102.73613 -99.71052
76.69899 -26.33327
6.16903 -51.37927
38.32449 -16.63514
-99.90643 -78.13754
62.21510 81.80550
58.92929 73.72795
49.85836 -55.56982
71.25631 -33.58652
73.63442 -42.25168
-6.70599 -52.71926
10.70564 84.72864
-34.35958 -62.83172
-67.36864 35.53771
-117.65189 -16.30360
-17.43599 83.00348
-10.39090 -40.26189
-16.82766 -78.94460
51.87796 90.61795
51.83194 56.72590
68.07930 -47.62622
78.12105 -36.65242
-10.86579 -40.62711
78.49083 -26.95731
14.16683 100.31661
9.96598 -26.77266
12.96341 14.08500
-51.16307 75.55819
8.44504 99.87294
-22.36989 -42.51158
30.71857 44.30802
75.77957 -31.68810
13.72803 -74.52312
7.45667 96.16824
-112.90042 -49.52980
-13.27902 -33.39139
-120.99841 58.28101
-101.30558 -88.15176
-6.08290 -45.64623
-1.35472 -43.61177
-9.54936 -65.23494
69.27083 -24.64886
58.34920 58.40949
63.63293 -38.58598
63.37357 -27.97496
76.71892 -25.90122
75.84678 -58.84503
77.18872 -13.45510
69.74682 -29.78268
-13.84568 -0.35930
43.08203 99.21517
48.51839 -60.54875
24.54838 90.37652
-38.52476 64.43551
-110.23915 23.91988
-100.17774 29.68609
74.96254 -46.94900
5.33518 -1.49754
60.96418 -65.94989
74.60951 20.03286
39.73771 -28.58854
-61.50197 74.32343
-21.95010 97.10751
58.62142 -19.71887
-35.90181 -73.06313
65.51002 49.88348
88.24524 -31.21411
-23.58337 -22.66795
24.41732 77.11651
72.45606 5.49148
-0.54979 105.40797
74.40732 2.97980
83.03072 -15.96477
45.80794 -56.29188
9.76396 25.64414
-120.79805 69.70754
-101.54592 -82.30836
-129.88482 60.33884
74.67771 -49.62226
-10.32801 -42.65638
-137.12870 32.87218
-12.35281 -53.09494
25.38207 97.45715
-109.51363 -34.21648
24.77422 94.33882
71.91383 -26.11822
8.00807 107.08395
61.31498 -18.17949
19.16408 67.12385
59.81204 -36.83038
76.88586 -7.93391
75.04445 -18.73936
68.83150 -25.70234
71.63964 -18.72941
-87.34348 19.26020
-23.76564 95.03733
-25.00548 -19.67911
-75.04232 -84.71230
10.10258 109.14197
-36.84860 -52.71308
-6.85873 -0.98937
-29.18770 94.48905
-4.92132 89.78570
30.17334 89.62106
24.05126 35.80814
70.16404 50.44789
-21.13360 -58.67838
3.55384 -51.42817
44.42300 61.01299
57.36815 66.80270
-101.36610 11.74729
66.04800 -47.37900
-16.06033 -8.69944
44.29455 48.11779
-0.64317 -42.42609
-79.92224 -32.58786
-90.70387 87.49761
-21.80116 -63.05279
61.75641 -21.72054
-12.90154 96.31346
-24.53081 90.63675
35.63786 92.39310
-119.49506 81.34741
76.69550 -54.57527
-89.74890 -84.96235
90.53553 -21.01307
-15.00576 -24.13954
45.88907 97.39712
-98.76684 -85.36086
8.77424 100.30981
-15.34882 106.88553
75.45244 23.73479
68.48162 -19.78758
65.72616 -0.47982
54.70270 -40.61555
-93.80931 -106.01046
8.93601 -32.51968
6.54479 -14.42995
3.11293 100.90586
-58.31547 -84.42806
70.99291 -17.30974
-101.97166 -49.36074
-64.03436 -21.90751
21.95785 110.68480
67.93082 -10.16301
92.34548 -58.43101
-103.75895 47.69307
22.71283 20.30949
-18.71032 90.55637
89.66046 -49.21852
44.57052 64.88092
32.62286 30.33780
-6.00242 -56.32405
1.47758 -30.72204
-27.68885 83.89703
84.74715 -23.54383
-24.06098 95.87293
64.12657 91.74842
-92.99565 -25.62881
74.72678 -60.69890
59.47106 81.20470
41.84822 105.96813
-32.54504 44.92682
64.50352 -85.10170
-86.59383 60.86681
80.96180 -30.21161
70.61904 -2.96387
70.86475 -41.51133
39.12630 78.81337
53.45563 -35.47030
-8.24452 -64.26073
-3.84699 -18.40330
10.95639 -45.72175
-110.26361 -76.91746
71.41773 -39.95953
-8.93976 -51.16484
76.15546 1.39131
-129.67157 60.06419
5.76993 73.56885
75.87506 -61.19579
84.76125 -49.34390
-96.18134 -93.02399
67.85506 -14.57763
-131.00226 54.03286
-28.23424 90.48058
-46.09796 -51.69438
-65.67065 46.57447
-89.49110 -84.06691
-99.89605 -94.66937
-17.19831 -49.79886
29.58429 86.90380
11.81115 109.36951
-83.20563 -40.42871
-30.87266 8.34855
-1.83469 76.36704
-31.01588 -38.73036
-106.97408 -77.85267
2.32468 79.58212
-121.83877 69.88452
-92.89279 -51.92029
-96.63449 -89.49126
6.34884 101.57784
44.01340 51.37202
-3.40628 -42.45459
65.50245 -72.97481
26.17545 102.26602
-107.94521 -8.17621
40.24043 -24.02205
19.34413 98.06141
65.93994 -35.79354
72.59666 37.97342
88.41315 -6.26880
-82.84496 -85.55849
5.81932 -46.01179
-115.49002 -13.82782
56.21558 81.78247
-0.05562 11.76507
-116.79999 64.49060
-5.77179 82.51093
15.75648 26.60949
3.33799 102.42620
-6.72980 -5.60615
-83.29970 53.04769
-0.43796 -37.18392
-30.57056 70.74058
72.06591 -11.42573
32.64008 98.71102
44.74436 -42.07734
-17.73712 -41.04271
68.39976 10.25561
-3.97222 -21.42347
15.42857 77.93813
-22.82468 12.14286
49.55439 99.56640
-64.57093 -91.31583
-52.27413 94.15271
87.80646 -23.99855
39.58820 100.50023
-15.01752 -61.81365
-3.32196 -28.60015
66.74245 -1.67324
-37.06858 -41.41499
70.18495 -21.74120
-71.71613 66.04226
-13.02072 -84.81843
56.77398 23.62685
82.19900 -21.01540
-37.59172 89.02878
68.37479 -52.36004
74.53857 -79.84730
-87.61945 -95.64977
-41.15072 90.48829
-53.92852 56.10371
46.44143 -71.80447
30.61996 10.22863
34.79113 105.90395
22.58919 -54.22970
26.86191 -61.93820
41.46958 94.62561
-3.98552 -10.68832
72.02469 4.98701
-37.53685 -49.95496
67.09451 -7.44112
-16.68192 99.91156
70.90901 -36.57649
69.40041 -8.59031
-95.39529 -90.44752
-20.51516 54.84551
55.54730 -29.76458
-24.30081 -40.30618
3.21802 -65.04969
-9.89942 -13.67374
56.33721 -22.93689
-10.54695 -35.47079
-137.85553 58.15291
74.31729 -33.43838
-111.33178 -1.35885
66.41299 -19.37627
-23.11896 -25.95221
68.77230 -42.33122
55.68197 26.99628
39.02609 -66.80994
23.37243 -88.12333
-1.99558 -39.11667
83.82320 -44.07106
66.51559 -80.36527
94.67868 1.62348
38.80852 -31.64833
-54.79211 21.39635
65.05880 -18.98918
90.56729 -53.35020
74.40186 -35.25954
74.43202 -71.24592
68.65482 -27.27676
10.98978 105.57626
78.52724 15.61563
85.41418 -50.98645
20.11776 -66.66803
-16.44393 -49.38814
52.51166 -35.35444
-0.71647 -23.37890
-91.53505 -104.62972
-65.03771 86.95319
59.87917 -75.06703
24.70336 96.52885
-91.78186 -68.06460
-107.07960 -81.88738
72.71157 -23.42084
82.00313 -5.46354
-54.52401 86.30950
2.89804 -51.50492
85.17141 -15.23800
-1.80187 -41.34111
-25.00741 -48.91818
-23.79694 -56.63535
6.79268 16.89192
78.24945 -32.61045
-97.62853 -92.72711
33.79271 94.59303
-6.66691 -32.92605
-88.86493 -38.10378
51.43193 58.33354
-129.58686 65.71268
1.21201 -40.23626
-59.76295 7.76044
-0.62730 -24.91763
71.37053 21.27853
10.10226 99.36832
-25.54447 95.94420
-107.57820 73.84345
-98.76757 -91.67693
79.68103 -20.07143
-10.67031 -20.28738
45.91237 82.16953
-39.51984 -42.12666
53.94301 -60.01968
-100.14543 85.43774
74.46063 7.53695
-0.55710 104.79319
-23.53806 -12.98844
70.83293 11.34550
33.78912 51.84851
-8.63635 -30.00650
88.98667 -44.12765
15.09867 -61.42971
-127.34722 -34.50202
-102.58897 -27.59256
-22.39390 98.42590
-31.31757 -34.66331
-4.04041 -53.40898
68.69823 -79.44622
11.86881 99.59088
78.38527 35.65203
-86.90692 -86.14199
67.40619 -4.13344
-125.05897 60.67535
59.26591 -80.59273
-112.84576 -63.58775
-15.95833 -45.33947
-21.31460 -32.87907
-13.71864 20.73974
-20.30468 -40.74193
4.46971 84.61686
-115.60870 76.08233
58.69599 -54.62415
71.89037 -20.79443
-120.24561 83.40101
6.27767 70.63820
25.59897 -64.96635
80.79982 -24.01427
76.32533 -26.81251
12.47438 72.93831
-27.61677 -34.78865
38.37894 96.98182
68.08537 -32.38506
-95.54065 33.91623
7.73505 -55.15169
26.85175 97.72586
30.57386 -28.46020
-25.96992 -4.31476
-35.79353 68.94959
-19.52511 -53.78453
37.45699 99.48134
-99.23261 -89.53364
-124.04545 50.97101
-115.50492 80.26135
-2.88630 -20.77532
9.62744 -70.07963
-6.40038 -43.87796
70.85675 1.29175
42.70921 28.58327
-40.54958 -64.08193
-31.35073 76.82889
-19.17045 -45.20922
61.64040 69.91520
90.72036 -30.06787
21.91708 99.78398
-101.60754 -85.00362
78.32979 -21.01913
73.37975 -67.06387
62.47381 92.52336
63.17391 -82.43302
9.11741 -42.20874
-111.90310 9.39391
7.20982 71.40962
-132.10659 56.85624
-64.94778 -81.77376
-95.02925 -52.06839
84.32569 -2.72995
84.28744 -49.25319
-132.78299 64.15214
85.22116 1.37930
13.61844 -56.49174
82.15490 -7.04000
-129.85951 71.04527
-130.08907 65.55443
58.29438 -27.31098
-101.96378 -80.05170
-33.20010 53.54432
-144.72168 19.96402
79.81249 -66.54591
-105.46062 -86.65006
-125.26569 55.68591
73.24032 59.02850
-140.98845 52.69414
-86.25476 30.75049
-14.24062 -6.78413
12.77143 107.02494
88.62111 -23.06419
-0.54377 96.81265
7.12684 22.16536
81.75960 20.39462
-35.98185 90.48187
-132.01753 67.24273
83.72505 -25.29875
-107.09686 -83.77547
-14.12791 -49.90717
23.23021 98.14237
-3.82015 -50.62204
34.34309 10.51444
32.00751 59.39923
-11.86995 91.05471
91.70343 -18.63511
-94.03313 9.80732
50.57400 -26.43456
18.76702 65.45611
-9.45703 17.31765
-104.23585 -86.55113
-133.60035 58.59884
-115.31796 -73.41714
12.80610 98.29531
-45.25460 -41.43512
-7.58854 92.70180
-19.94522 -18.19430
16.85753 -45.56846
-124.98687 73.92630
70.78397 -27.11851
8.13153 -63.79139
14.84713 35.34456
-84.69506 -82.56800
-122.76287 71.00676
23.66458 96.95639
-18.77430 -60.02905
78.39251 -20.69296
-21.06654 91.71905
37.74501 53.30510
-6.32557 99.41478
-100.76447 45.62946
-105.37469 -35.14928
-32.00130 -95.78033
81.49605 -25.89829
80.84870 -32.68021
-19.74695 -32.21703
40.81018 107.97021
-89.23578 -82.22909
72.66581 -30.19218
-51.20262 25.13169
8.40556 100.05169
12.82148 89.94691
-35.02390 -53.48292
-23.02075 -51.45137
86.61072 -14.56241
-27.77279 64.62545
23.50767 92.26590
23.48280 91.94704
40.28642 96.03825
-25.68657 -47.96350
34.40424 96.10303
74.61927 -53.06001
-12.02743 -63.71857
-97.51087 -58.85594
-114.63313 -62.63710
-0.58545 -38.87066
66.66478 -9.38993
64.75098 -38.08663
-0.92656 -36.85005
-98.67259 20.65250
9.31088 99.14023
-74.36837 69.53030
-25.90942 -56.49213
-83.42946 -91.01173
-14.78290 -24.09602
-101.08286 -76.01673
23.90188 -18.40001
67.28949 3.28065
77.61509 -59.85586
75.62818 -17.82193
-81.12846 -74.44160
-63.65713 67.09179
52.32603 99.41671
71.47932 3.30740
-18.75176 -30.58829
-122.36190 69.51449
-102.38896 -97.65484
73.32802 -56.65643
-3.20827 -55.02828
-73.98130 -48.34745
0.43550 -74.72860
58.67033 -25.18229
-14.58274 -24.52421
69.19472 -37.45476
-10.38268 -50.00974
-10.65706 -67.28875
29.03876 72.19099
-0.60819 62.90429
-101.80023 -55.55910
59.87862 38.70255
-16.14053 -7.12397
76.21724 -25.26522
17.47624 10.42246
85.60238 -64.17546
74.91890 -27.68701
2.43687 83.09697
-14.35794 82.27818
-123.01220 -32.03241
-75.86750 1.45712
-1.99567 102.20858
64.97248 -20.87408
78.62073 -35.71950
9.05825 -24.39418
-8.83044 -37.72775
72.09076 -38.88144
-92.48215 -85.18143
-42.07579 -51.97925
-9.53310 93.67033
43.63047 99.22545
-27.29570 -44.67033
10.18392 -42.84133
65.24522 -11.03124
-8.22218 -67.07156
-21.14919 73.29136
69.06371 -32.74684
78.97878 -77.61182
-7.34042 -28.16857
-1.87394 -24.85792
6.59638 67.88456
-43.33230 -82.80867
33.81319 93.58707
16.55430 104.84073
-121.32706 64.95431
-4.37648 103.16985
62.46298 -79.85868
-33.96558 -38.76539
-13.29888 11.74485
-133.31874 57.13339
-8.51890 -13.56589
0.52126 -55.26873
-85.04418 50.45654
70.24650 -34.56763
-101.64759 -83.83253
-51.25203 63.34727
87.52399 -33.35576
-87.71611 77.85388
66.59209 -66.73812
-61.29144 -39.22281
74.21830 -54.94734
73.79688 -38.50508
-15.45167 -58.06467
-110.88375 -70.20635
79.39409 -34.65313
12.21428 -75.33834
36.25745 99.22142
-37.02997 -52.18306
58.86183 -0.08136
-130.02831 67.74864
67.19470 -87.74963
20.72450 -66.18229
-7.68347 -2.50344
78.87638 -15.06224
75.54299 -30.66495
-116.36513 -61.57733
-41.20622 -50.25914
80.00981 -39.25696
67.04196 -17.84248
29.93114 99.51047
-108.98415 -83.76646
47.04930 100.51094
36.62710 -49.30752
64.39899 -38.26916
-9.02843 101.12278
-76.96959 21.43617
24.07532 99.95363
-75.82111 -86.61805
-109.80251 -69.38295
16.56653 -72.19239
8.94372 86.69487
58.13154 -75.67967
-97.15039 -18.83142
62.20716 -30.23122
-35.01783 -31.41870
21.87567 -55.55460
34.58292 99.26880
-62.49344 27.93116
-42.26726 25.72071
-108.34698 -54.44235
-80.76930 42.30562
83.31095 -18.98515
25.55521 73.31640
66.76989 -6.82748
0.25647 -67.95333
-35.71875 82.42952
-17.66074 -35.92764
28.70418 104.09337
2.76678 82.98906
70.04881 -42.36524
-10.59843 -60.76567
-110.87063 80.63893
-86.16884 60.75609
80.59636 0.72093
57.11926 -54.42674
-1.20528 81.71723
76.22179 -23.49366
-124.13233 69.78518
-74.51790 48.31732
15.73347 103.15792
75.55652 -12.97358
-111.15170 -18.32198
-138.20032 45.02562
-48.25655 37.92098
65.84110 -28.74576
77.84924 -0.14068
20.86094 -7.64166
-9.83133 72.91369
46.81587 94.22338
-142.20304 56.83198
22.75418 -57.97154
41.19268 4.17785
49.40186 28.26897
-73.64286 -79.91948
86.98440 -27.88191
84.57514 -26.36866
36.01194 91.54001
-131.41391 73.90111
-29.71043 -49.76310
-117.19448 68.87078
-23.53227 -40.74833
-40.97410 59.53384
-41.34391 -59.98105
-120.93736 -6.70334
-22.63045 -41.40311
-88.55932 -12.85490
26.08871 102.28919
9.28378 101.47701
-109.26689 13.44578
26.86845 105.79382
49.94381 -1.17904
-32.79454 65.41816
85.13068 -35.19061
-127.02096 65.01344
-81.52456 -86.42219
41.67576 -79.39315
69.37202 -30.84761
75.45481 2.86055
-106.10340 -39.80482
-102.26186 1.58196
73.92816 -28.40788
-10.82009 -60.43903
43.35567 94.79963
18.77432 73.72442
21.10857 77.55744
-45.69529 -59.03621
63.29754 -71.82579
80.47199 -5.15154
-19.36036 -50.51051
27.29180 -33.53547
-86.15534 -80.20460
-89.31394 -10.83350
34.28727 18.95806
-29.84874 -65.16521
84.44582 3.30074
-94.53814 -90.57813
3.89739 75.23378
-5.44275 92.40779
23.25593 97.96118
65.21257 -13.29725
72.90972 -74.70822
-100.98995 69.92948
-26.18763 -34.52971
-87.78699 51.08786
-11.00184 73.82456
-30.97016 -42.75495
-103.64444 86.01321
-18.11418 83.35443
-80.80743 -16.36383
62.28233 -43.29475
58.09367 -77.39730
37.27129 92.75481
40.59558 -78.36403
68.21980 -38.58204
88.37632 -38.21414
-28.58141 -61.57326
-20.34797 -45.02215
69.30245 -65.35836
75.55768 -29.77975
80.73890 51.44504
-103.49629 -95.95077
8.49664 65.68693
52.26194 5.85637
-37.44933 -4.65649
65.42276 -35.50020
-116.05854 -71.09124
8.19742 100.25220
58.80763 65.69129
71.68558 -20.84067
2.73596 -79.08317
80.50359 -7.29929
46.37280 9.11527
-136.05333 47.49424
7.98547 102.75944
83.54636 -31.41317
-23.40994 -18.96892
-97.10979 -94.83815
65.87334 -39.28709
-25.42961 -44.42772
-2.51889 105.63215
-131.54872 60.46847
61.25242 -31.99921
-124.54203 75.22085
20.96061 -49.35042
-92.55883 -88.66570
-14.98821 -69.89905
-103.47080 25.48749
-109.54672 -35.15702
79.30788 -33.17674
-14.21720 3.94009
76.61675 -45.80279
-18.49458 85.93077
76.87650 -38.47895
97.24107 -25.12093
81.58447 -71.92890
57.43867 -38.40212
26.66038 84.70047
-73.71344 66.54525
-14.12088 -57.93696
-132.57514 55.13905
10.75682 68.47458
-121.35545 62.49751
-10.39288 91.37529
24.20735 63.69259
36.33036 101.17656
57.54336 -25.61937
86.64182 -7.28563
-86.60711 42.70642
-50.55692 62.07264
-20.63986 -22.02750
65.78589 -1.95431
-94.75963 -58.27014
-131.38821 42.83383
-125.91908 67.83916
67.11977 0.45363
35.48481 101.94664
-105.26822 -88.16186
64.58941 -50.02192
49.93560 -23.95553
83.59537 -29.90917
-88.14816 -101.84295
54.03133 81.60152
13.15814 -23.20355
51.08049 -78.43920
19.29514 12.33971
-17.52759 -3.40781
85.83527 -35.42659
-19.17728 -49.88472
76.20553 -28.31354
0.58244 -42.38909
12.54077 100.93499
8.15544 92.37077
78.36380 -30.57625
67.78931 -10.43340
70.38039 -32.25089
52.55332 -31.48097
-78.02914 -84.27992
-31.38477 -46.70685
-13.23037 84.26329
21.49722 42.48041
9.68085 93.36296
78.11247 -17.71445
-78.04279 59.70325
59.01066 6.51779
-98.61323 -36.06513
-29.25567 -26.34154
-58.46213 -81.47427
16.11869 91.53311
-76.78259 79.93452
43.52519 18.61195
-50.20646 -78.80757
74.24356 50.92082
-131.50943 62.81458
-97.17625 -97.77726
64.05693 -34.70935
80.49622 -53.68467
56.04462 10.22797
15.92418 102.71297
10.70156 -81.95954
46.82224 92.45900
-17.15887 -47.92258
-23.63853 -66.89063
24.93699 65.63061
-77.43106 -91.67609
-98.19712 -85.92550
75.64819 -24.29459
-95.23781 -30.45126
-28.70903 -52.39058
51.56843 95.90549
-6.34514 98.32460
49.37178 99.03900
51.81172 48.29481
-94.74841 -24.51268
-18.28354 -76.56789
3.96294 91.22694
20.60825 -37.01826
1.43284 -57.60379
25.05265 2.92623
-11.99762 -41.52354
-1.34612 108.69768
-8.68242 -42.30915
46.05529 101.69769
14.50342 100.76095
91.43864 -46.86500
-16.31162 -63.72789
-14.29705 -63.94742
64.31378 -28.68611
8.30085 103.69722
85.48324 -41.22956
-43.60703 66.42177
-8.29723 5.70577
-106.76189 -73.44920
54.61991 -31.78828
92.73812 18.96080
12.92794 98.57185
48.89064 -3.34398
12.10110 102.94536
74.14876 -26.15148
-19.27327 -5.15101
59.91970 -30.96322
73.85810 -65.60107
54.71384 75.67446
0.24348 79.61605
69.27317 -30.50741
62.29387 -27.68575
97.77970 -19.56156
-136.62877 55.81976
71.98971 -31.87816
-6.65066 -47.08228
60.76070 -84.66652
-7.77176 88.53248
9.37609 -20.36609
75.07666 -66.19844
-131.82608 60.03692
-41.93171 -30.37848
-112.16602 -50.27341
-105.86977 -93.94093
69.16814 -31.07321
-4.85893 -46.47820
-11.55331 31.71600
-2.67790 -73.52626
81.57378 -61.32759
3.62845 -58.87507
48.48676 -36.20941
61.01789 -35.54662
-18.13695 -67.79868
61.33354 10.57446
72.16266 30.03684
1.03106 77.50894
58.62399 -69.78113
80.57119 14.43974
-141.23568 48.21097
-20.73500 -35.42160
-8.50961 37.24597
-15.59543 15.71539
-80.67712 -96.19494
-10.35643 -34.63544
-68.00490 30.83013
-33.20704 78.57811
-41.00315 -12.60006
76.13600 23.09230
40.03699 -39.66920
-4.85926 51.90710
75.68341 3.28030
-4.17395 104.41519
53.67630 101.95482
-2.92899 -21.05890
70.91413 -55.11923
87.78253 -19.61222
90.04830 -52.32419
5.21292 -41.27824
22.57776 85.84852
61.01611 -20.04859
4.11812 1.30913
84.16577 -17.62510
81.34559 -17.97213
59.22748 30.03990
-92.74181 91.70922
-57.65456 63.66279
71.72733 -0.15215
7.70640 -72.70522
-91.48522 -79.86418
2.58553 84.60930
-10.41034 25.71371
18.53313 88.59785
-134.91505 50.65435
68.66402 -48.85896
-42.91928 81.64595
55.89669 -43.23020
35.86295 62.57779
-40.51545 -38.51874
17.18817 85.75771
53.18219 -62.04157
-26.27796 -57.91565
66.57753 -73.35238
23.35070 59.46242
4.17591 88.21061
25.81740 102.69224
76.72007 11.01654
-5.17223 87.83684
-106.95447 -18.94466
74.91115 -52.18162
36.61428 77.22422
-7.79171 73.49334
22.21863 68.95471
29.55364 84.21800
-51.95961 -58.79294
-16.02269 0.96908
-115.15824 -61.97811
16.41705 77.19959
63.93756 -49.79258
27.06687 95.02323
-105.96440 -69.60788
34.70578 94.43727
-91.88875 -56.21734
42.71993 77.21293
45.59169 -48.17418
79.45856 -18.19398
80.69927 -17.84705
-15.96666 -13.11532
-114.65999 -67.14053
51.80910 -33.42071
74.85301 -60.25529
71.46515 -58.64728
50.38629 -9.42896
54.95815 -51.01884
38.90201 -66.03369
-37.52472 -45.70867
-110.27405 -93.54357
-95.23486 -85.43770
-108.25966 -85.02536
57.91569 -76.92018
36.49955 63.29967
-96.84169 -90.95275
15.53926 87.58537
-94.80946 -83.51831
82.77056 -42.81299
2.60779 -60.28096
-108.36394 83.73187
-108.10630 -101.46879
22.97342 94.44761
69.33747 -34.13987
-107.41583 -85.89738
-94.76969 64.29012
31.48267 92.22974
30.11050 83.90957
-100.53247 81.73730
72.16079 -33.09775
-65.10723 -65.61678
88.51518 -13.27178
-86.13136 -82.50004
41.08455 -40.93319
74.26269 -34.03715
65.95095 -54.74403
-95.17102 -88.70337
-123.89013 57.38982
-116.93614 76.62532
-26.32860 -41.04848
-114.27429 -64.42052
49.54732 -59.66983
1.72847 74.62929
64.22888 -87.15074
71.80111 -11.15351
-81.18091 -49.06612
-85.53649 -84.20532
82.28713 -2.66017
-98.81117 38.80131
92.05171 7.32344
-11.44876 -44.91274
18.54923 -63.86032
26.99088 95.23308
62.80741 -77.41523
17.44512 91.41890
39.53962 94.94866
24.45895 82.82609
-101.62201 -93.52998
53.77741 -81.21022
-17.15812 -29.31590
75.45723 -24.85180
-14.11528 1.62817
66.73248 -17.17831
-31.61649 -42.78970
80.51246 -22.81130
-101.51683 -88.61449
-0.68681 -69.53207
11.32633 32.64135
64.60958 -83.82722
75.65681 -31.74862
12.82450 97.80200
13.23677 100.75847
72.23445 -75.25966
-27.11796 -10.04788
-21.66203 76.86683
-30.84956 -49.55874
11.64382 91.92408
10.38258 -76.51145
1.88893 81.46369
69.73842 -19.06554
-135.07957 57.38644
3.56662 -48.69634
21.92412 103.34570
-67.67297 71.38262
88.63680 -18.63200
77.14868 -29.43167
-101.01951 -90.65244
74.60127 -46.54163
0.29773 10.33240
-8.31977 73.44779
71.91066 -28.58926
-81.95961 -89.31002
20.55701 -18.76234
-18.22394 -62.97650
20.41495 79.33010
-18.77406 -40.10255
-33.86365 -28.95326
83.74588 -31.38123
-54.98693 85.20407
7.52628 -52.84604
-98.72352 -84.36440
33.07293 65.77654
52.70259 -62.48419
-130.91347 61.44103
34.74182 88.85958
14.74529 -45.30855
-32.05676 -49.72473
-100.84728 -86.35447
-140.03656 56.22183
82.17967 -32.77216
-104.18196 -80.50687
-9.23259 -54.88563
17.97584 -29.65641
-22.06241 16.66072
-105.78950 24.42135
-30.88938 -58.22155
78.38403 -52.84042
-124.64578 -14.10220
62.13078 -55.42643
83.71661 -32.09157
-123.60566 67.44264
-101.67636 -87.10500
21.72162 88.95258
26.08161 88.12199
-129.07806 74.59834
-33.57669 -43.30534
75.11694 -34.59876
-80.70598 -38.94195
-3.76029 5.17405
-107.01393 -29.82643
80.89819 -8.30949
69.29803 -39.06925
-83.67214 -6.55809
30.24976 108.80052
-57.69583 -76.35452
36.75847 -56.10338
30.91844 92.43385
-131.42177 66.45978
-5.09198 -61.29638
18.82605 41.70944
-13.97552 84.51686
-93.93230 -89.31788
47.04384 -81.09691
83.13438 -55.77317
-25.73479 -63.30722
51.44263 -72.04825
55.68473 -17.09835
10.02894 78.06656
-3.41077 95.88864
-14.87570 -36.98503
-15.64540 -59.49148
-17.74992 -41.96099
-98.04606 -65.75215
21.19461 -71.32801
-22.83684 10.46774
-16.78001 -64.28578
-40.21943 40.71656
-86.06640 -98.07812
-7.57637 102.35768
-125.80556 -16.24339
-32.02883 -40.49246
8.10468 -37.10237
-41.97920 -60.76964
36.17390 -24.91909
78.17991 -33.37660
-2.58758 103.65325
78.20159 2.42547
28.88310 88.98520
44.97313 -81.80757
-66.08940 -19.11810
-37.34982 -40.70440
18.27749 88.63011
-35.99136 -72.78362
69.84480 -80.12248
-25.75479 -11.61949
-30.44099 -36.92734
15.19623 72.90456
-88.63490 -40.70306
-38.02368 -33.37262
-54.24216 -94.05507
47.47950 -74.48009
-75.29760 11.30693
8.41494 96.04256
78.96676 -14.02978
-3.34935 83.69644
16.07523 65.09003
11.31879 79.37800
-14.74331 105.43898
4.63136 87.83158
68.33610 -39.17518
69.42215 -32.93792
2.56006 -4.92531
-139.70239 56.37197
62.74245 -37.85534
18.35737 98.66171
-78.53205 83.94125
-32.21777 -33.03417
-100.27316 -76.23810
46.47163 6.09086
66.00940 -23.84848
23.81378 102.53555
82.96878 -59.09007
-89.26185 -62.87718
-108.28957 -56.99482
15.24657 102.83498
-66.56935 4.55039
-70.67363 -77.98461
-53.16580 22.42788
60.13550 -28.81989
-86.72570 -16.70744
60.83520 -79.98588
65.41003 -42.48686
27.57267 95.03216
-12.41915 -54.83592
-104.98296 -18.02918
-96.50083 -92.82884
-123.15069 79.54184
-55.82913 47.55324
81.14538 -38.52725
8.27583 -34.29153
52.23849 81.78819
-14.53782 -23.35544
0.79720 27.55825
64.89151 -31.79152
21.86488 99.01590
56.21235 95.24745
-3.67669 -13.79157
68.21591 -26.63645
81.10147 -63.52064
75.43781 -39.04841
79.02128 -23.83061
26.35620 98.40489
35.07991 100.10541
61.02355 -15.65585
30.55575 72.09492
27.85938 89.40709
9.58497 103.12102
15.72873 102.61287
80.33899 -50.38511
64.17554 -65.47308
-90.41659 -94.95134
-31.18302 -49.50392
68.46225 -31.24591
77.02620 0.46605
-19.50344 -58.90553
-12.85727 -24.45703
76.27041 -32.71948
0.67091 -4.10687
-109.99813 3.49879
-87.93860 -93.08308
68.13676 -19.00530
-32.26978 -9.57154
23.51292 -36.75796
-85.78952 74.99646
26.84511 22.79435
27.31559 88.97489
-107.07802 73.05084
60.69103 -80.16123
-138.48231 44.21330
87.10359 -4.95673
88.72387 -66.03518
-78.23377 -88.71803
-30.57961 -50.82902
37.14412 91.32375
-128.71855 68.52186
2.17206 22.10480
-96.87820 64.96708
-10.40576 -45.05733
29.74297 -58.04319
79.17941 8.15173
-21.38724 -52.26291
-2.82202 -53.60416
68.18707 -43.86233
-79.49358 77.12360
-65.06205 -80.53294
75.06953 -7.15815
-32.90328 70.45547
73.38636 35.08835
-12.65413 -59.43728
-6.72998 95.26965
64.36610 -20.92647
-139.33089 59.26641
-114.65200 72.67050
-77.51098 -71.99712
13.72036 102.31804
65.31097 -12.07174
64.22544 -19.81925
31.74882 -62.04202
70.51257 -29.39956
77.46377 -23.43560
-128.66106 69.29385
-28.51023 59.73998
76.42532 -22.69773
-120.55512 68.48316
75.57023 -32.21845
-17.80736 -33.90102
-11.76376 -9.61643
42.52505 24.82848
-20.27257 9.61270
-103.19911 -70.58207
50.38654 4.55794
-139.04650 41.80509
63.36513 73.14257
42.94846 -39.57202
-26.59308 -54.11953
73.84048 -41.86465
17.01216 109.13183
-21.32606 -42.60483
-5.03100 -39.67374
28.22805 -35.44427
36.45172 -57.69401
85.62799 -3.61461
-43.28733 93.66676
77.99001 -26.54585
67.81711 -23.06571
-121.08078 73.25057
51.23894 34.08740
70.11162 -13.76497
72.91079 -18.68277
25.25722 94.42682
44.12658 -79.98176
50.24258 -52.33327
14.28507 77.21357
80.51702 -19.21212
85.63533 -16.81663
63.87803 38.47414
72.88179 -56.61715
-98.28028 -31.62125
44.74895 99.79046
-8.48701 -22.14056
-55.92403 40.19678
39.57586 33.73930
20.13003 97.26037
-25.49015 -57.61124
-53.84394 32.35758
-13.40234 -61.05786
61.73806 -46.13551
69.02196 -25.38938
-123.65779 74.35124
24.81976 79.70881
-136.88338 57.96838
-32.14377 61.31372
-50.11717 58.42245
42.05356 19.94637
87.46093 -62.25687
-89.51681 -86.09341
29.21667 97.99006
11.34259 -4.93335
48.40866 16.05698
-98.39954 -86.11297
68.75307 -26.42544
66.87285 -50.70143
-121.79972 -62.57287
54.70079 -86.88630
-4.72227 -49.91502
76.49556 1.62751
-98.72308 -39.90887
65.80402 -32.56422
-6.17011 101.43951
96.08856 -26.60476
-109.01139 -6.64813
66.45320 4.77079
-27.53611 -30.27628
56.27881 13.14232
70.81707 -17.33912
-31.56770 -46.79870
65.78794 -12.54111
67.68551 -24.51876
-72.83550 -15.70094
38.45299 95.80748
92.75523 -53.07674
14.47595 115.58670
-101.86912 86.65555
40.38875 4.90594
-102.72034 -84.69568
75.97012 -36.59594
-112.02843 -51.98251
42.89301 98.88219
-95.97251 -87.61998
-132.18625 63.20775
-34.88810 46.83657
-33.39664 -62.52182
-27.09235 -37.18812
-99.91793 48.22291
-106.05279 -23.51776
94.66769 -16.22709
-109.73317 -72.37756
6.93387 97.15454
75.26818 3.73572
-97.44919 -97.67065
38.88254 76.70642
-110.84382 -18.73902
-90.19246 -85.47186
-97.33602 -30.10421
-105.70208 7.22649
-109.92295 -65.16538
73.96962 3.25996
-30.94500 -4.68572
-117.87632 69.50219
66.93693 -72.83535
-23.08011 -66.67420
37.49967 -66.04099
4.08435 -33.69638
-12.98167 -47.74329
63.37883 21.69578
-29.91036 -6.28192
75.34317 -26.14950
20.81922 95.91044
-13.20627 -52.10242
36.45211 -67.39879
21.11209 108.43744
-96.74588 -79.10975
-105.24634 -75.71786
-105.55709 -97.80437
77.61065 6.86177
60.45791 13.99992
-60.29207 38.78692
69.26961 -10.33332
83.70799 -10.07037
51.71752 -40.24862
84.80230 -16.66808
24.17192 96.54590
25.84266 -34.02693
-118.35443 61.48966
67.69760 -77.26872
-126.01931 57.30279
7.98590 96.99822
-109.99992 -56.62945
70.31127 -19.97905
-103.58699 10.13085
-39.07732 -52.33387
-138.63955 56.82811
-113.98366 -70.73861
-27.51168 82.59793
-31.66156 2.42012
66.17670 -78.03949
65.24956 57.70970
-2.85722 -14.63784
80.96985 -72.43325
-111.99193 -86.19304
3.94293 -74.31388
-113.15709 -90.18507
68.23926 -33.20122
6.37975 12.63295
-14.54656 16.11435
54.12629 76.47133
8.35272 104.08296
-94.39723 79.87951
-35.21059 -14.10047
72.17974 14.54008
-89.30000 16.48725
-18.83405 -50.04379
-9.92075 -59.25063
-117.72834 -68.98215
28.85068 33.58458
-29.45946 -33.37390
28.72050 26.93608
80.62544 -11.16438
12.94670 -7.62309
66.28131 -25.64145
-6.00086 -39.01109
72.97193 -36.00407
54.18790 -21.25860
86.51758 -45.77371
-34.20159 -28.35681
-14.82949 -58.40476
69.62949 -30.11582
35.05496 -52.94261
77.32468 -1.49785
-106.01892 -53.53235
-60.12246 72.25175
-40.91657 -55.58615
68.55132 86.15571
-104.24709 82.98070
-117.70484 83.12990
-60.83697 -69.36763
83.88655 -10.64143
23.75799 67.57646
19.05441 105.28624
81.35085 9.18833
-8.20068 -48.14128
37.29986 86.59509
56.21149 -58.04813
67.75737 -8.74549
61.03501 -40.97964
-102.02146 -77.76149
-91.33533 -89.35338
55.01371 -22.16075
41.47667 98.53095
-1.88562 14.90891
30.10990 9.50011
-15.83284 94.56450
32.89027 92.51532
14.65176 99.48437
45.21867 -85.12685
77.27767 -13.27355
30.52364 88.13176
79.17569 2.46848
62.97372 -19.42579
-22.78987 -47.65897
-144.75003 44.20007
48.71188 -76.46788
-130.03855 55.19481
-6.85923 -37.67574
-55.32143 -70.04799
-15.48807 -37.19143
8.73255 84.49518
-19.72167 -35.58082
-107.24800 -88.93224
-15.34534 -61.36730
56.96817 -87.62422
33.40574 90.86256
-125.38694 61.27665
19.43836 -84.15949
-30.31095 -67.19272
-94.57583 2.27438
41.28762 66.99531
-34.17008 -58.64724
60.23004 -35.26370
-110.06227 -74.04422
66.33255 -17.18825
64.53622 -74.05314
14.55130 12.16429
26.95918 31.01261
-124.44637 53.28604
-82.77871 -45.90423
-100.93491 -89.22301
78.50737 -18.42787
52.31914 -32.00075
-70.89014 -87.31460
-106.72110 -74.64354
67.78622 -27.57966
28.28538 96.93289
-19.52067 -37.56778
41.18466 -42.09956
13.89539 -60.72070
79.54995 -28.55570
-18.59538 -6.33406
33.40755 73.95371
5.05540 94.76457
-117.65236 64.75323
-16.89380 -23.25114
59.87136 -81.23222
65.92533 89.34272
15.36942 100.61389
-16.87034 96.52390
-127.84179 53.62107
-124.24606 57.70003
13.51098 -5.91116
76.11634 -5.22785
18.18918 99.71701
-7.19438 35.25218
-61.71978 35.55412
48.23542 47.31138
-122.46140 69.59906
-9.60528 91.47708
41.91663 91.57175
4.14948 -44.72749
-109.90734 -69.93099
36.47516 -52.83258
12.00669 28.39637
49.44235 99.35058
17.30080 87.14258
84.65192 6.34854
25.47437 101.20763
31.48564 92.23750
68.04273 -73.23660
-7.60529 94.47108
79.75644 -3.87979
-24.97302 93.45426
-20.80224 12.50531
-118.46013 72.52535
43.43681 -68.67074
80.79483 -40.27678
66.24552 -1.40892
-25.95531 -36.20103
77.84782 5.78335
37.90100 96.73939
69.61174 -18.14274
-96.56655 -65.98859
15.81473 82.73662
-99.07735 -56.29429
75.71926 -34.23099
79.95824 -27.27682
83.59664 -58.52941
-6.35141 -23.82235
-95.03726 -47.21216
80.73403 -31.87845
-122.10447 52.14851
33.25753 -49.65378
1.82104 -49.82959
-1.76678 77.17270
56.45690 -39.33100
-18.29755 -59.91762
-120.92238 -60.56934
31.14293 101.63406
-108.91508 -46.27319
23.88854 77.63050
76.45235 32.87162
-91.54537 74.91847
-3.94560 -56.21214
-121.36935 74.50805
38.33487 -50.62964
-69.46306 -87.31782
44.83063 -23.66622
76.21633 -4.02972
38.42510 82.39717
-5.86433 101.07076
70.25446 -66.16047
65.34330 37.10889
71.08312 -53.16399
-34.73298 42.38097
20.56509 76.00893
-86.11101 57.73702
-22.44019 6.25632
-7.02233 -40.54236
68.26256 15.58624
-125.02944 -28.07144
-17.62399 -73.78066
-108.68076 -97.76464
70.51387 -21.05243
49.70614 62.74075
