54.53202 93.20363 93.14803 59.86280 68.79668 101.50726 48.76144 63.34168 49.11586 77.77536 132.90155 59.77506 85.65490 19.58096 8.53550 -16.56865 5
23.81184 74.58217 47.32371 120.50526 127.85596 77.54133 38.94459 42.49051 78.16898 6.42400 6.71958 27.70516 -12.30035 6.42339 128.62086 41.99632 7
19.93094 38.03077 80.22549 65.89199 104.55993 103.63488 88.36282 126.40454 101.26025 80.42337 75.14923 27.24108 26.17721 25.22798 43.74117 19.54822 1
90.82275 89.96441 53.47261 73.70149 50.30102 37.67315 30.65713 46.28099 132.10621 5.39550 18.66515 13.65465 83.89828 38.70724 73.19559 82.26227 8
29.03874 72.72832 -1.31361 43.88192 74.94241 38.83908 36.58694 9.45835 0.22254 14.63713 -13.83687 76.34474 61.08249 88.48543 115.49239 113.54369 5
6.58741 84.89452 22.90248 62.88820 41.45369 61.74637 11.99421 89.19251 61.18407 86.58422 103.46459 54.73390 84.94774 32.73176 -10.13621 15.04516 9
96.34302 85.54002 45.05766 102.99706 40.40209 63.23034 -10.72663 27.97440 -13.12280 7.53842 61.89702 23.70138 43.64271 -2.02330 10.85260 13.51761 6
65.39925 86.19311 52.29593 77.55897 27.18557 85.28269 24.71381 49.90945 -13.03448 11.25464 -43.10007 8.00505 46.06570 17.29165 118.02237 8.05660 2
-0.71701 69.02408 14.91390 103.88073 99.22622 67.44447 93.04282 68.99152 65.93502 26.39144 -16.48779 3.57885 -10.98305 46.95142 52.91194 55.13662 7
35.32584 48.01399 18.18210 73.80299 55.71264 87.55641 136.12852 84.08608 84.86322 94.47569 15.15748 57.98516 48.87099 10.66279 28.97180 -8.62006 1
114.56065 89.02876 35.42996 109.16003 -28.58624 39.93095 -14.60357 20.05901 82.40444 24.04074 66.57080 39.26119 59.31747 22.85668 -15.25173 35.05418 6
84.93589 85.01691 15.45894 110.08089 59.84503 89.41727 97.42643 79.49246 113.68524 87.84630 82.00674 58.45279 83.03009 -3.78156 25.17191 -3.37414 9
17.92490 55.42782 49.52278 44.64518 7.37160 -68.06022 9.24492 25.25727 81.60582 48.99570 127.50391 44.64466 53.02152 64.74356 -9.13394 69.22090 8
47.68363 112.93921 0.93926 73.02661 58.23503 60.40239 30.11218 0.93917 6.10371 51.56868 24.01889 63.17715 65.39000 98.94319 119.81032 101.11470 5
93.43787 119.30759 105.43939 89.35752 34.62521 72.94675 57.25715 75.10853 37.30652 50.27556 115.05338 58.75816 37.89010 -24.53581 -23.56415 -15.76516 5
41.34120 139.30825 42.12335 58.72075 38.72140 40.58869 38.94895 19.12819 97.63364 -11.56627 90.97136 -4.43207 95.25740 52.81931 -19.80349 74.68227 0
30.28806 97.80592 23.75898 107.17699 -16.42908 85.08442 -11.39583 50.22493 80.52100 34.83291 79.58869 41.60531 116.01247 30.17601 79.78840 0.56461 4
-19.16973 59.68810 16.90696 110.23233 81.37137 116.33311 120.60268 49.86773 50.12778 31.49070 81.41399 55.30818 73.61514 -20.04419 -7.34667 25.67403 3
-23.26770 88.37754 63.92443 101.05088 118.84796 95.60423 100.13551 70.67354 49.85901 63.66182 80.09962 41.98631 61.65292 -16.65907 24.93318 -6.62552 3
-26.74299 37.42564 36.79741 70.96622 79.88545 97.61291 111.59134 107.95176 58.51700 63.77620 43.80598 53.88504 28.81241 12.04202 56.11047 -6.86493 1
62.18145 103.19149 34.33161 58.43407 31.84988 35.84996 7.58056 21.31972 71.96064 24.21824 111.87401 74.62588 92.44276 52.80104 77.64287 -21.71728 4
6.91783 18.59384 33.33433 37.07031 85.52156 71.23034 72.84901 105.67646 91.04227 112.79629 48.72218 93.42670 -2.33698 15.74430 20.50268 2.70725 1
79.97707 53.74389 79.92802 114.81648 -0.48382 36.95707 -15.73992 -3.33913 78.27813 22.60745 111.64611 51.21211 55.39198 10.83311 30.81708 6.12097 6
45.16839 106.97891 13.78597 86.96130 1.26724 43.91090 91.29842 78.29073 96.06555 83.46919 67.31779 39.68940 43.21331 31.81652 25.73278 5.90726 4
89.08830 105.55157 41.90645 106.62813 -13.64358 49.76489 -20.64044 14.62428 19.26939 19.47318 84.20478 13.43760 93.69149 41.36519 55.54527 85.49203 0
12.95021 86.43860 17.95826 92.53297 65.53427 19.99247 51.35872 29.83539 36.01709 -12.65406 2.38717 40.93643 34.56041 22.81944 126.14402 66.64502 7
-5.21808 16.05317 56.58614 74.89240 88.05128 109.15378 94.45423 107.39049 93.89257 90.05881 93.25802 70.64476 39.65935 3.07518 82.17568 -6.74024 1
27.65981 58.95582 49.11421 62.19076 57.36438 79.28943 116.14453 102.20399 45.68211 73.71280 66.83344 69.26470 36.77895 71.37679 -14.86551 7.10833 1
64.59842 82.85192 70.19632 68.44508 69.70316 65.40384 51.79410 -0.75378 -3.30559 40.51672 52.88561 58.70200 89.40370 82.03653 -8.71869 76.22320 8
55.82085 71.77620 -20.79599 55.36234 65.76492 -0.86447 81.91012 13.91262 89.14819 88.70988 59.79494 119.41257 40.83696 114.90060 9.40173 76.38019 0
56.11451 118.81107 -18.09894 73.92451 -25.65952 50.25248 23.12027 34.23328 36.16994 5.55960 114.83405 10.37211 29.34274 -1.13954 -5.24822 1.06275 6
40.99143 110.62334 86.11796 118.10827 106.21746 72.81531 66.07695 39.29999 94.71600 31.32933 87.05584 -5.90287 38.48902 10.45145 10.53084 -22.90434 3
21.19864 111.93230 -21.56291 61.41561 -3.79360 3.63522 37.60368 -12.24567 109.05241 37.43966 77.49474 86.20963 32.83050 98.92270 20.23943 36.15399 0
20.39007 101.40921 -12.34597 109.82585 18.49759 39.12451 112.95435 29.82692 34.17543 72.32727 77.83076 112.05830 32.16757 60.66286 49.35047 12.75664 4
-13.47848 73.31158 42.70699 128.37915 70.65140 92.97500 106.60085 108.28237 82.82623 96.13710 35.69951 44.80403 58.12918 4.62375 -8.59191 -2.45277 1
12.65384 61.51147 -5.37128 36.39757 8.73412 -25.74155 99.75195 19.28256 87.07685 45.93937 114.48261 97.81760 108.08051 90.02517 20.77438 131.64918 0
69.31348 70.47672 81.23006 127.45505 87.68187 51.95258 -59.63752 42.63510 4.25370 -7.75370 94.95033 6.85872 58.89806 25.95936 28.35205 7.94214 6
127.07881 78.55396 65.29999 82.75033 36.70144 85.42901 33.60104 6.10825 33.92293 13.49381 53.90243 16.63377 12.35288 74.92158 -7.01367 28.39531 6
39.20199 78.07300 46.56279 94.97332 114.00633 48.92205 81.41485 91.60407 65.63779 60.36880 65.59240 5.63496 46.43339 -8.28238 -2.33324 -55.91217 3
36.84427 128.26581 17.94782 48.93061 75.41439 92.81905 20.72570 -20.70523 16.84130 56.63845 35.50118 119.95867 51.42360 102.97275 105.82946 76.87116 5
-0.59725 61.58151 3.48284 3.90445 34.33768 53.06800 79.66401 -28.20064 97.46594 106.04475 42.49576 97.39301 -32.18894 94.91684 6.33534 16.32648 0
104.08604 105.86458 51.35035 129.80472 30.04007 96.66571 21.41528 34.92944 99.43311 44.76084 108.67954 45.96313 73.44433 18.79946 -23.44701 -44.78076 5
-3.75828 79.72298 -20.05692 33.55237 20.20195 39.10816 70.26625 -11.90914 88.27888 33.57078 86.01859 118.38779 7.33640 122.47504 26.35450 58.00141 0
26.36094 74.49243 67.35056 52.00610 72.26441 85.08170 16.31995 41.82873 97.09430 73.05489 153.57612 17.99177 36.16642 -11.36783 2.64733 -1.09944 3
41.85853 122.67329 -0.01809 74.42153 54.40678 77.68998 95.72043 54.26210 63.96319 101.07633 61.22787 49.61270 57.93225 20.87519 61.16127 7.27450 4
16.02881 94.78570 16.33805 118.08525 50.84566 78.49951 39.31705 60.27073 106.66429 27.46721 87.64247 -18.25343 36.13699 -28.73740 -19.02504 -9.20669 3
80.44697 57.54215 2.01037 111.17579 22.82078 42.97359 59.63058 64.10673 69.83833 5.58202 6.00125 12.13679 52.76658 0.10612 74.55500 83.16447 8
78.97955 92.57137 74.39322 140.13588 109.49710 82.30474 40.36025 37.17096 102.63710 41.74153 112.36392 0.60098 10.44671 -20.06571 -14.78605 -14.58986 3
28.57177 49.44894 32.54509 106.36069 68.95046 40.37129 32.27057 -5.57937 16.66531 15.50054 -10.97697 11.08786 45.11887 15.02713 96.85786 10.21366 2
11.43799 43.98066 23.91150 110.11764 75.37065 86.01189 12.30896 67.97510 -12.33683 34.15636 5.84797 25.91984 48.71023 -17.99676 130.98065 13.44103 2
54.29063 18.97363 113.67530 91.46423 77.25074 86.93197 6.57224 48.19421 36.06888 22.01578 62.60905 22.62002 33.05337 6.71551 44.03475 43.34401 8
89.37124 124.31200 65.06834 105.08751 39.06764 93.95028 97.91906 98.35594 81.00080 82.86849 59.74903 36.13902 40.08179 11.52615 12.15195 15.83007 9
106.15786 113.54018 35.74155 110.54656 8.52139 71.02997 21.31238 39.88799 38.96146 5.79160 83.61678 17.59769 47.03378 16.17056 -14.14351 0.81250 6
61.46053 123.43468 82.95051 111.40121 49.37072 84.84611 60.53959 32.87862 3.98895 64.90257 39.02758 71.72573 38.47087 38.61537 11.33006 -6.14474 1
106.23170 124.11426 81.73144 82.12381 62.39885 93.65474 33.41203 63.58564 2.88907 22.68954 -20.18091 50.82178 7.69766 49.21117 29.09033 5.07881 1
-1.43662 87.65283 16.08606 67.97509 76.52292 62.30274 48.82350 62.33685 74.61257 110.34246 65.46811 49.44238 98.75497 40.69117 110.76979 11.13199 4
55.54555 95.63584 16.38299 94.45623 0.54949 36.80181 51.12523 20.58334 65.03758 4.37292 104.03207 36.68109 89.29780 98.04300 68.55858 71.91681 0
20.14023 68.07704 11.04750 85.51842 -45.78506 50.62423 10.20152 63.79376 58.50811 27.71131 86.97464 49.98239 86.35199 5.39285 98.24079 20.07941 4
21.08889 111.90798 71.74257 94.73484 41.58470 74.93229 -9.30871 71.13947 74.57950 71.15467 116.37885 64.27570 92.15268 21.24292 -1.48333 6.42193 9
9.00167 102.01570 51.02384 116.12097 76.98341 76.67221 12.41858 58.55096 64.73611 -7.59192 30.74529 -21.41552 10.53403 45.90812 137.60188 19.20123 7
22.65813 66.31433 38.91742 102.19209 124.65578 105.36335 60.40521 55.81209 112.50074 26.74516 100.18610 -13.69576 33.49087 -17.57979 15.14774 -6.35788 3
11.64661 121.82067 31.84236 71.52412 79.82475 71.88096 96.23263 81.41912 79.05378 23.55378 56.62661 24.67604 74.69927 42.50128 81.55838 17.16766 7
-15.71967 82.96626 32.95861 106.08603 29.15688 116.28179 34.85335 74.70563 41.75077 18.60763 -50.77154 -22.80987 84.81482 4.77846 77.47687 17.87446 1
57.65135 86.94822 39.90421 56.37868 5.81900 38.73083 2.32770 18.17047 55.28835 32.55077 90.76836 54.34657 67.79246 33.60697 64.92720 -8.33578 4
14.61645 24.76405 34.19008 66.39785 52.07187 71.82627 95.32668 102.65643 83.97584 96.19014 71.25009 59.99477 76.63637 -2.85301 71.96584 28.48451 1
41.03732 78.89111 56.90834 53.23354 96.79321 91.13280 68.29855 94.14704 104.54143 37.55351 84.16269 -8.13122 51.26203 -12.60042 -27.21106 30.01073 3
5.70159 25.05911 38.19773 112.78866 48.30592 104.26321 51.03631 50.66016 38.97605 35.82286 152.65796 13.60547 73.67494 -11.27624 12.57558 1.41116 1
59.37538 85.48493 38.25560 95.25835 82.61113 56.24733 103.54350 45.89456 78.88500 13.57947 -22.16266 -17.31889 45.92273 34.89998 77.89323 59.28959 8
54.75714 119.36933 8.20661 89.45204 22.52351 54.90170 30.32411 50.96491 94.43353 33.17813 81.38496 43.77650 52.30509 36.93289 107.93663 -4.12934 4
53.65889 81.13111 74.20406 111.71087 106.42958 79.82801 71.80629 47.09340 63.64863 45.92465 46.24183 3.57427 22.27958 15.95955 -29.72134 31.41385 3
-14.28723 89.99852 43.96503 68.70094 120.18027 96.58168 125.46513 107.38596 91.48063 37.13272 76.70127 45.02483 87.51790 18.54220 47.37920 -6.86470 1
79.65799 73.00084 93.20319 98.14287 103.92981 65.83543 50.50056 65.17267 1.79188 9.75900 38.73950 7.21677 60.85996 11.16562 114.90018 -12.06847 1
17.00840 79.07789 5.67541 24.45366 78.23789 58.16364 56.01235 -16.12975 -27.19106 32.26976 6.57933 68.81615 47.38690 83.67380 104.87028 115.88917 5
5.92420 66.50757 37.38344 120.49140 83.21307 97.40880 40.71005 33.32073 37.88529 67.72835 34.45905 30.39593 50.36588 26.38716 87.75720 20.77096 2
78.96456 70.17980 91.12808 114.05809 16.98766 57.93622 8.05111 46.45082 65.03058 -25.41458 81.75282 0.58059 102.14267 71.94055 82.18526 115.74291 0
116.59849 75.23156 84.16607 110.48723 11.03509 61.08279 3.06037 48.49757 49.78279 36.44030 102.37368 -4.71190 95.67837 41.81633 -20.67962 18.87949 6
21.34665 51.08505 15.93399 53.76523 58.99921 97.29231 94.02593 105.27427 82.73457 72.92328 56.57406 66.38179 88.07429 -2.83976 32.57784 -10.42288 1
-21.17562 9.75379 36.80559 32.40546 53.67038 93.62527 5.44453 78.30444 59.95703 61.06320 106.28938 36.94065 96.50804 40.92350 28.85313 47.13978 8
5.46389 50.94403 101.24360 127.89504 88.73518 70.15720 69.05128 48.99122 48.66539 30.26019 124.85178 40.61376 50.51477 -13.57676 -22.96410 11.39950 3
46.35605 81.81663 13.27635 79.33842 -1.42216 -7.08562 87.70910 -13.03579 89.85010 29.27932 128.25044 63.74796 85.10027 76.34312 41.80970 115.43266 0
-20.42126 59.05235 39.39064 124.74556 92.77375 83.16907 82.59898 44.92392 82.58893 43.00739 86.37926 15.51493 99.83135 -11.84596 0.24127 3.21836 3
58.40201 54.63759 75.21511 129.15409 2.89400 76.59680 21.80832 46.04848 66.50448 130.08755 74.91828 16.83404 86.45165 9.69294 6.17622 -5.40523 9
97.22841 76.37311 51.76546 78.84896 42.80214 38.27347 3.91621 32.37259 51.20713 0.96304 78.92815 11.72216 58.79793 51.13243 21.51239 27.36934 6
20.16456 69.16784 6.48316 124.76314 16.71940 15.92053 40.84909 12.60431 114.01664 25.15932 97.41200 75.60440 85.13661 90.31651 2.60405 131.20183 0
13.50592 25.08109 36.49040 51.86750 57.34002 110.73694 73.82230 112.30221 73.17342 81.03665 93.46958 59.01607 20.16725 56.99671 39.16581 12.30496 1
28.39770 65.38790 78.16416 70.81775 64.43145 118.95038 84.97540 66.87003 18.89321 15.42866 -6.47360 17.12427 3.70776 -3.83897 83.39013 22.17144 1
87.94504 88.20269 62.21652 54.40039 31.77100 62.48728 53.26178 31.07807 41.87655 7.03630 83.33229 0.38730 63.36870 40.35127 14.01372 16.71909 6
20.48116 70.91259 28.44587 137.49797 65.65421 80.71102 38.87660 25.63565 48.24375 16.35783 102.74330 31.19941 61.43046 7.11296 -11.77965 11.31215 3
93.06726 76.84023 66.09586 121.52235 23.57806 82.43478 58.41478 36.23007 89.69097 16.01082 45.33593 -19.27636 17.29926 2.87564 103.47926 86.88979 8
-7.98984 101.10724 60.65216 128.78453 62.49611 120.79227 62.02222 111.57372 23.84166 40.87247 76.79628 67.99769 89.42220 24.94595 25.64184 3.05787 3
49.28971 62.84332 -7.89199 98.85157 65.82577 82.76634 54.42665 58.25470 69.58255 37.02274 140.86730 9.00999 62.02829 5.35769 -4.19883 5.35837 3
66.50724 85.56561 62.24644 74.61453 56.87552 53.88408 53.34321 43.89707 82.26149 8.39334 103.69359 31.07809 32.88144 -11.01209 -2.30039 -14.37821 3
13.93303 98.65851 8.50655 64.10707 64.81074 74.48653 82.86069 7.69100 -32.80147 25.68688 -16.43035 68.82816 29.17430 100.41346 92.33797 123.61133 5
35.46798 90.71556 24.49886 109.93422 7.74196 36.39875 64.67476 11.95942 76.25249 45.01744 94.18171 48.70235 51.44503 54.84000 69.07125 126.96685 0
86.79511 125.53098 39.34762 51.86800 36.15813 76.42845 126.56393 111.86604 74.20622 53.80375 42.89542 13.40278 42.77265 16.08021 -4.14021 26.72871 9
63.93897 15.15634 31.28655 23.46671 10.67340 23.30229 -3.02261 102.79432 70.94069 89.20291 129.58558 73.29112 32.78624 22.26126 35.44446 6.27519 0
52.02018 80.19770 72.39744 84.14341 -1.70476 53.52435 -19.16368 0.58101 35.46329 -8.79213 89.09623 42.58913 61.53622 79.62747 -45.70044 76.12941 0
-22.60883 94.52629 28.25893 68.16807 -11.06920 46.45358 53.70929 51.37800 65.79613 79.52944 76.95609 42.73906 76.59499 22.03927 63.30655 -7.71169 4
43.49994 81.19579 29.50638 97.94936 128.63583 130.60026 65.49460 63.98003 31.36225 95.05127 42.12822 3.44679 35.41860 16.19207 51.58805 -5.91426 7
14.76440 -3.25006 -12.42444 30.55318 48.93902 37.57774 80.36567 136.61744 129.81935 101.97595 100.50874 63.79258 81.51181 24.27320 113.53061 -6.43032 1
81.91465 128.51488 39.23062 131.63540 33.84745 80.06087 85.33344 130.01537 122.67314 84.71715 123.70215 68.35971 99.24857 33.81483 14.68134 20.89714 9
-4.21605 99.45775 -15.94784 48.16420 59.93385 49.65491 38.43409 13.92881 14.02251 16.56475 -2.04948 56.92338 48.16565 120.42645 94.07375 89.59253 5
51.92999 74.12575 95.56009 113.34374 95.57877 101.46096 30.78029 117.41181 42.01404 48.00775 63.51362 65.32142 15.91655 0.93359 1.92216 -11.12411 5
-12.17839 91.03324 6.36388 70.71168 75.72194 75.52132 124.37597 72.82162 89.79146 78.43914 62.69946 22.11523 41.51835 32.43564 46.52732 22.03561 1
53.22411 85.74324 17.70939 43.64306 72.67506 49.25586 63.57658 4.28121 12.36171 56.13163 33.00817 74.48461 15.81969 67.34556 109.24809 72.47707 5
14.80179 74.94398 -26.93187 33.34630 13.22102 16.22329 23.41858 10.47980 64.52502 33.05187 85.11676 88.49619 85.99484 82.03760 -7.21576 97.68834 0
112.21253 89.80087 45.06287 97.65236 24.74872 82.92803 61.94029 35.07827 114.33177 71.20737 122.58649 6.78055 77.80245 18.07258 -21.56998 2.64322 9
95.42087 87.53547 42.22790 47.34351 43.05835 12.40851 -2.75777 -8.02636 7.46663 58.25998 73.23356 57.40183 139.64653 102.16714 46.51699 98.15577 8
55.69129 71.16127 37.21389 101.54009 15.87344 81.03836 47.80234 67.20615 114.45073 69.24409 52.63199 26.71301 47.62647 16.43305 -26.98745 -19.15694 9
58.31087 96.79107 17.61755 31.73882 9.62990 83.71640 8.73862 7.61577 36.33087 11.81798 129.77348 39.14304 72.61739 43.04770 2.71676 54.83170 6
3.14839 116.48184 55.80462 78.20323 74.89160 80.28344 14.89503 53.81984 54.50514 -3.15906 29.34598 12.01231 51.98144 57.48570 55.34425 20.28263 7
-7.91941 126.56470 26.01277 60.41249 7.54798 39.03804 8.65101 52.64182 24.27050 53.44935 110.27114 26.05376 99.96031 28.07986 120.68537 25.19243 4
41.40286 67.74290 41.82321 78.65056 91.62761 136.48563 63.45201 84.17411 89.37142 70.83145 69.64951 45.80389 13.92053 -3.03440 -16.08972 26.95728 3
90.04046 63.07832 53.38065 105.04106 8.07825 96.96777 53.37791 53.98597 27.10601 -15.02503 -34.96241 28.96445 82.07876 41.32672 112.04081 107.29280 8
78.06182 129.62965 -29.27056 74.93675 -0.26688 33.49700 41.99588 -17.24130 148.46989 8.89622 120.61000 55.50494 57.71868 109.63786 -2.94228 106.49323 0
82.02499 96.86408 14.03260 88.04208 15.30181 39.34109 -19.62105 -17.04051 101.36606 5.43037 98.37934 31.98589 25.20157 30.98556 -58.30830 4.14387 6
35.09820 90.37205 -7.61107 35.29670 -10.04912 -41.45292 120.82009 28.66472 81.69929 34.94033 91.48529 100.31415 -5.73440 102.36840 19.74146 43.04821 0
103.95589 76.60898 19.75896 101.88214 17.68335 62.72883 -8.91899 82.16515 44.09485 76.88700 104.61105 75.02807 50.98664 30.21461 99.54564 -27.77051 9
27.38628 66.32234 118.24686 77.87180 71.58273 117.24161 -13.62183 113.69846 -8.97139 66.90766 62.14093 93.85129 89.45698 37.22762 62.37822 -40.22850 9
2.60518 148.59119 53.18906 27.58046 50.73181 8.71214 104.24999 22.41096 109.28357 59.04547 96.49053 95.69145 8.73982 94.89307 -14.31504 44.49150 0
-5.48261 125.95144 44.21511 101.05505 112.98252 75.39207 98.48355 51.78385 80.10632 7.70615 45.87231 5.67525 38.08805 53.52986 94.47546 19.78987 7
34.46356 51.32670 17.43099 57.96472 29.35981 1.19895 55.62026 -27.99458 94.30006 47.31478 63.48237 71.90113 58.17374 119.42010 -24.02972 59.56802 0
38.18084 112.30927 91.64254 125.87778 94.25489 122.68404 83.28497 25.71602 75.52940 34.67665 110.13789 30.20393 19.55270 -7.18716 -2.94601 14.32516 3
112.30375 121.82009 61.42532 88.20302 39.78278 54.72502 23.04630 10.36208 29.21098 -56.10278 125.91276 20.76691 46.27479 26.97647 -4.07656 8.97711 6
8.85130 45.23860 59.22556 118.12033 96.38637 97.06975 117.32343 75.39139 94.47281 73.95454 71.95297 47.07800 53.82061 -7.77161 99.16316 56.87939 1
65.23309 85.26759 58.50651 54.30095 24.08174 44.68915 -21.50776 64.06444 44.00800 0.49672 106.13978 47.98101 48.45243 60.49389 68.17643 -0.58943 4
-3.46250 108.07084 21.57816 114.63642 74.94608 129.17324 74.38810 92.61414 100.99714 27.19455 145.62430 52.75333 46.02467 -18.16715 -16.21098 -13.79576 3
-1.41925 79.95190 39.83705 70.60565 91.84176 106.31020 109.69266 108.92804 121.06726 13.13640 85.94896 26.72398 35.92385 -15.49132 13.89061 88.77354 3
86.32058 87.26552 41.87702 115.77730 76.78058 33.43135 64.02687 62.88742 101.73059 65.25961 106.35058 15.42709 36.69276 30.45121 -43.22023 25.90605 9
11.88557 97.74446 7.27918 51.76821 93.58634 39.73676 33.99153 4.88830 5.46846 24.63959 -17.54592 45.03210 42.59267 84.32090 83.17057 100.80668 5
106.47213 115.29170 71.99727 79.30540 126.17562 102.23772 72.63896 62.98915 63.66159 72.75743 119.72855 22.72726 69.49435 19.45543 30.03655 22.25706 9
18.83376 89.47444 43.22628 78.58968 21.32656 18.19842 25.00479 23.20691 2.62531 30.99853 32.85764 42.25601 61.10779 70.81259 85.52624 109.56221 5
49.50506 93.02555 63.52340 103.35021 108.70779 102.45890 68.37468 75.28509 61.49316 37.24095 -38.32141 7.60305 33.23460 19.10661 93.30490 11.35103 2
-18.67903 81.43764 41.25722 93.71484 49.97970 77.79968 49.44267 27.88384 34.20410 7.98558 35.05625 62.42298 67.31783 37.87193 87.49713 46.23774 7
-14.85294 86.15956 28.61046 79.05678 80.79127 88.30836 24.25247 46.26018 39.88918 12.46643 20.55082 -4.12102 43.28115 47.72094 92.13614 52.50931 7
-0.14621 60.59810 23.82527 47.78924 78.87438 16.10015 37.37536 -32.27119 12.22263 28.74465 -18.30654 84.69526 21.22894 72.02385 73.71016 94.75568 5
84.91204 102.92136 44.77042 68.81470 -1.36644 78.09129 26.38206 61.52329 84.27245 37.10332 52.24326 72.19749 101.80670 37.64158 93.12390 33.62710 4
29.10202 129.69501 31.31290 58.43238 16.42718 38.95624 41.96220 17.60502 72.09828 -0.98673 102.77692 48.09185 107.49045 82.40008 31.14303 111.77437 0
49.28805 109.67959 -3.89157 54.56441 37.55293 29.02181 27.96664 19.19127 10.23671 15.63557 8.16993 24.78470 42.21917 45.10424 93.13451 116.22357 5
52.52891 44.12747 81.21868 109.70428 39.15980 101.60188 46.47770 35.77320 149.85066 42.42809 115.98848 14.49176 25.35984 -3.34943 30.23827 32.68578 9
53.67342 127.18873 -53.32093 80.03453 53.69206 36.48399 57.29060 -8.36116 24.92659 -13.18217 12.48824 58.63774 0.53273 130.62995 87.34527 105.63003 5
-15.37661 37.03877 38.97064 70.96309 86.05190 81.85334 43.90760 34.54504 5.45464 -9.97075 21.03688 -30.96883 56.75264 30.85851 82.05063 -20.92584 2
136.39748 79.09365 33.93232 115.15539 3.79729 82.25651 -3.12366 44.98971 21.31576 28.40000 92.89989 44.58064 53.31083 12.84124 -5.55259 55.37872 6
47.57275 111.92319 6.79614 21.94120 12.23122 25.62112 91.22745 25.97982 88.40677 58.09813 107.13512 54.96550 80.18080 5.75105 24.13330 -9.98858 4
-5.21797 74.60140 44.83139 103.76474 116.05574 85.65550 96.57369 51.82849 53.30446 30.00532 -3.17533 17.84429 14.56835 2.60910 121.99563 -3.24268 2
60.68416 142.54439 9.83589 68.57795 26.68677 68.39672 28.01346 -0.02955 4.20290 7.24939 3.64202 68.44031 22.33063 109.22700 97.13607 62.41973 5
0.77834 40.03568 88.23021 78.74398 94.36718 132.10321 75.87761 61.35266 82.10612 22.93878 87.33722 56.20079 128.10732 0.47263 12.04091 25.85682 3
24.22815 70.91983 60.85851 79.53650 90.48517 54.01508 56.70306 43.45534 88.80325 20.46906 -24.22215 21.06157 32.61116 7.73736 81.48021 30.78209 7
65.80071 93.86643 -42.16717 46.26034 15.31539 43.63511 52.77381 51.31848 108.12251 64.21224 49.23501 74.73943 54.05085 15.50444 41.29047 29.02342 4
36.30711 94.79852 23.88121 31.49284 66.06321 0.37344 -21.53499 16.95646 45.37577 33.83858 96.80643 48.03920 102.50743 68.05198 4.12622 126.29985 8
111.33012 73.04662 60.07035 69.54531 -19.88058 53.81046 9.04264 73.69178 28.65431 -5.77071 66.10498 1.49840 23.16946 2.89675 -6.27544 14.61015 6
-11.41251 56.39705 21.62227 138.51481 140.49829 81.47858 51.44007 20.43365 81.20982 -10.60030 27.82909 41.45731 39.73726 35.83070 137.36806 8.55106 7
-10.11159 97.82023 29.45427 111.82356 96.31650 52.39201 84.71142 36.40701 57.14530 -15.55819 36.73154 2.82937 69.98192 2.68083 125.09221 38.15904 7
47.09741 90.22626 8.79871 76.12955 7.41939 28.50232 75.24460 9.83859 144.98105 46.76227 106.40318 78.30337 67.95093 88.58953 44.32746 27.78563 0
49.13783 94.21016 67.36800 85.86807 101.84790 100.06017 86.81915 65.34274 82.10666 30.71366 95.86707 12.94232 27.11530 33.32447 -4.11113 -19.57905 3
126.74398 107.93908 77.89762 69.03078 41.57710 26.48168 -8.17275 27.43574 -13.38941 -1.63136 36.47407 8.32062 13.20599 26.46271 16.85040 39.00243 6
97.43684 56.04452 75.35069 57.06217 1.60539 100.89331 89.94790 107.80302 128.91697 52.59443 69.36404 17.19589 41.52917 -16.95479 5.12427 1.68551 9
-8.19010 49.47051 45.91501 92.54394 51.64071 99.97757 116.64698 55.78377 89.31174 61.15427 92.80332 54.53162 79.84304 18.16115 60.09995 4.67524 1
87.09443 87.95860 65.51129 90.38031 32.29636 26.56730 54.26090 41.72660 92.93359 68.52382 59.99691 36.90346 51.58194 -6.02760 56.36840 14.74456 4
15.00062 101.91255 60.93838 126.93146 40.69627 78.34582 15.66416 -17.11746 -6.00025 32.55804 12.50404 -23.99377 71.89598 -2.68828 73.79498 60.41186 2
40.84137 123.87039 41.67929 101.93986 90.57460 83.63069 73.43868 23.96305 79.02332 50.20059 86.34572 11.24258 56.90844 8.57120 12.05391 -18.10552 3
70.61460 97.11149 60.25189 52.99291 40.17872 10.25182 34.45537 23.05025 41.88080 -22.64201 83.53268 14.11112 66.10769 34.34178 -14.76271 23.00154 6
29.07421 73.52611 79.16842 92.33088 69.51028 78.55964 68.72120 74.83513 92.28953 3.70054 63.38422 29.58840 0.94574 23.23489 -52.66979 -34.53782 3
9.13867 89.22921 -20.81231 56.86369 72.22962 26.47217 30.25204 -6.49019 -25.62485 -15.23627 19.07618 69.98354 34.89639 64.81396 111.77773 101.80491 5
28.74857 34.82115 90.47507 103.65624 83.00080 105.86931 42.54762 53.22137 84.77308 50.76623 88.64556 8.55142 76.04110 1.36067 16.66004 14.79070 3
59.28772 84.79137 50.78563 81.68605 8.53035 42.01391 -1.52270 32.06620 34.51295 23.37329 140.17665 6.95650 8.55374 34.64192 1.47087 25.04760 6
84.21940 96.47509 51.97375 116.89345 58.79657 53.30379 80.45172 20.88195 67.89639 13.04470 -23.48056 29.97447 32.76832 59.53970 80.71605 67.23554 8
60.69995 75.66923 10.39541 112.77833 21.41050 62.72713 87.60658 32.47089 116.85373 103.94716 89.35577 52.72396 42.20483 13.34125 46.83860 -2.72773 4
35.39685 110.00320 4.66289 45.89427 -10.61123 56.82418 43.06576 58.72093 74.97338 66.80909 64.03271 62.42639 16.18493 34.06332 78.12709 16.54711 4
12.23960 84.10821 3.06409 122.24756 -8.06545 49.82941 44.36945 58.41175 125.60343 44.32164 33.88304 64.33073 39.19564 49.83209 19.38094 6.18603 4
21.48018 75.71523 88.43336 20.41941 37.43944 -15.64806 -3.49550 -10.94530 39.21973 11.18101 67.67295 81.24732 57.88883 99.19628 45.11414 59.60322 8
21.32803 95.32029 15.23214 53.58004 15.13338 80.28685 19.51389 122.94221 138.81481 112.09123 72.61990 30.45186 83.36083 34.53987 58.37204 -0.13103 7
108.92782 84.28003 89.89010 107.42163 29.13573 91.01540 10.77252 22.20500 2.83698 17.42731 36.33732 1.94237 43.01377 43.15138 0.98059 -0.79785 6
0.00453 44.53003 62.27025 66.31961 82.45775 77.32144 63.36716 105.29877 44.50110 119.49558 36.59926 48.82500 -0.07739 5.40675 18.42683 23.59492 1
23.39628 71.15213 26.73012 65.48297 68.13838 91.59726 21.91734 58.00254 106.41797 21.75592 96.07564 -14.46730 18.38486 20.57466 8.71916 18.47547 3
27.38506 124.16193 46.79493 99.13477 81.59745 96.62549 25.84253 41.43013 30.49282 25.79713 0.26502 -21.57570 27.22672 3.26578 123.69612 5.26636 2
118.62203 91.70396 86.19691 81.37807 56.86388 34.03657 22.15633 37.09078 -43.88604 8.53763 99.51805 -30.86008 64.56843 -2.34908 4.55511 34.94732 6
89.90849 82.20827 39.00686 81.53716 -26.33871 78.70273 42.45401 137.27781 114.40623 124.50357 86.19525 74.84934 13.52804 -7.23954 16.50933 -21.50939 9
102.05664 110.84433 49.15591 100.74001 5.68582 56.12831 31.35964 43.17233 42.45252 -20.45601 92.59861 15.09745 48.58170 39.88668 -1.18029 54.24509 6
-12.82644 86.37662 38.75188 88.27860 45.58589 63.58255 58.01647 69.57485 60.74140 -6.55271 40.32815 37.14462 77.75787 53.78996 95.79225 39.61988 7
32.92516 89.80831 53.89993 117.21768 55.16915 86.01617 43.74160 1.33404 12.52965 6.02741 -15.05472 -8.23258 32.91745 35.91224 94.89245 35.66388 7
-17.37655 71.41245 29.47281 99.62963 56.88389 53.99104 51.94577 46.47867 74.35848 37.00120 115.54818 32.84304 58.97407 2.61712 -14.60892 -0.45000 3
37.05367 92.14931 51.82430 87.77772 77.83628 38.73684 96.25289 88.31816 95.72683 46.20360 57.59000 48.15640 68.31002 17.58655 1.08043 3.03854 9
98.12337 89.44119 69.18386 97.86063 -4.76332 45.09827 36.44396 10.02364 12.31317 13.12465 76.25622 36.87814 123.00815 93.01110 56.36500 110.74779 8
-10.25136 82.97617 57.45531 100.36299 94.51974 99.06896 55.24788 67.84596 82.96090 43.06309 92.75360 -4.82905 65.49864 -31.65165 -3.45119 -16.65378 3
52.28637 130.53067 63.05520 67.50795 45.11341 60.73960 -1.63276 6.42400 68.71972 54.48839 136.24232 75.34153 80.83679 37.00281 75.46659 13.52641 4
27.39240 89.94051 39.94434 84.48382 70.39505 21.42648 -2.47247 -17.01106 14.45367 48.27470 75.40092 82.24386 122.34581 141.79136 69.20924 113.69061 8
53.74960 69.26149 48.15767 128.96114 38.34873 36.96111 -1.09527 49.04455 115.19227 12.45584 81.71329 45.62868 75.80197 0.71996 38.89108 14.55419 4
10.00861 80.55229 -19.20665 40.98601 4.13578 -40.22447 40.54724 -20.95263 103.23508 44.08572 95.95279 78.38872 48.10007 106.52143 -1.33150 77.89627 0
-1.72048 121.07015 30.11105 63.35061 55.66759 30.02914 103.05184 -48.29104 92.80797 56.95150 76.75120 125.44025 36.57178 131.20948 -22.95668 75.56233 0
24.13712 51.49462 78.32151 122.95396 79.81111 35.73407 61.07251 30.26590 69.87868 85.48758 120.57948 37.29910 47.22905 -4.89111 -21.49988 30.73054 3
32.57480 101.63883 39.00631 110.51132 11.44762 107.00208 30.22275 18.20252 28.72328 29.04289 37.01580 33.01201 71.17275 -15.55747 121.25508 7.26048 2
-0.03543 93.61787 59.65463 99.67456 79.27578 71.75719 72.23193 45.93849 47.29499 66.72821 -14.71923 69.79865 35.96650 -13.93837 113.19345 -13.04713 2
46.96850 92.41665 41.70598 90.42761 28.27466 74.56781 24.14898 34.29927 84.42312 -2.89906 126.31544 91.79494 45.45933 26.04371 69.76844 19.76088 4
-8.68115 94.85708 107.67865 63.45149 97.95715 90.70163 56.20707 79.37782 83.53555 57.66098 86.67367 -34.82945 5.26556 4.50142 38.68422 8.23218 3
36.41888 97.78072 51.45456 128.18180 69.21567 35.92462 -10.07455 82.61866 110.59589 48.91794 95.82745 -12.04797 15.09919 -18.04012 8.56085 17.12880 3
127.55392 110.08029 101.93630 99.67349 24.41714 72.45532 95.80328 65.83672 89.19049 62.79585 58.39952 -13.57960 47.90272 12.49935 -15.49993 -16.59367 9
67.32979 76.97563 97.20582 113.49716 83.12987 96.00823 22.12913 85.14074 81.85841 61.93776 104.15995 20.43846 45.14283 -33.87255 0.99024 29.17665 5
109.48103 70.20212 50.64686 86.90803 8.63305 30.87839 72.03897 42.16670 125.73460 91.87499 81.77719 72.42130 70.77450 -20.92827 -17.32767 -18.21882 9
76.57341 90.53257 19.40658 70.94448 13.91779 40.29602 -14.24208 -16.98974 28.34288 -40.21510 96.67151 6.21227 83.35599 59.39751 51.15993 82.23807 6
-5.66529 103.71757 0.86025 71.06315 91.80602 75.67125 106.80873 80.06826 71.33304 66.12358 2.30492 42.05944 67.63734 1.49936 103.49167 -18.54232 2
99.17595 77.68877 56.28116 29.73641 9.91705 73.36397 56.65641 74.71337 113.95049 54.68005 68.40648 59.21707 109.56477 14.21367 85.39289 -22.23270 9
21.21452 134.98050 14.54885 51.96230 -7.02984 46.66849 31.49703 54.11233 111.76630 60.17392 119.39324 63.30194 90.42764 11.72476 40.23835 -26.94112 4
-2.41986 93.61082 43.98299 107.29592 105.40238 68.94398 91.75021 35.03471 55.04511 44.27842 47.57434 -8.44753 49.49418 19.54330 103.34251 36.34804 7
68.14512 35.99900 8.75409 81.08691 41.24739 95.83704 64.94153 104.02121 44.41935 -2.16043 32.62754 -1.47623 80.20218 -55.27668 125.86920 -8.52513 2
43.52453 87.90952 62.44782 77.03177 71.14369 62.82880 61.42613 68.00217 102.33109 68.19769 107.91810 14.26504 42.97493 -30.64480 -25.74670 -23.91273 3
4.71953 51.19753 38.87271 38.67063 64.08563 52.44090 61.71206 -46.80599 2.09305 -19.14085 -14.42888 92.97843 43.49724 110.22412 107.64314 129.91943 5
-0.82072 -12.77913 18.72845 61.10831 75.37819 62.28445 75.18483 72.59246 85.42582 120.16944 87.36107 53.80207 42.89914 63.40094 52.09532 -1.71788 1
66.01857 83.68557 58.31048 111.21819 35.52805 60.29458 -10.72902 42.54519 0.77930 17.57061 81.48927 6.99356 108.88498 43.21992 101.90217 1.83580 2
43.98360 92.02625 75.51186 64.61967 120.08318 15.09760 44.62790 -34.34868 87.05712 68.84791 90.31003 90.64284 78.72724 113.56848 -18.61297 63.73655 8
59.35450 89.79943 39.74239 70.81037 -3.51288 33.69875 47.66143 46.53231 80.49419 46.68408 89.56377 108.87392 97.34833 5.93308 106.12095 6.83896 4
10.59531 104.53531 48.21945 133.09803 79.33040 58.51886 65.92842 46.32097 123.43182 34.70366 96.64746 -2.77507 44.41609 -15.24319 7.28471 14.29196 3
98.03397 75.42101 86.49071 112.35251 22.08824 91.13503 7.18466 16.84022 40.88100 7.96166 63.63020 13.73453 33.42589 33.42245 10.04508 50.09814 6
18.21684 83.02035 -1.39629 103.06772 58.74903 32.54931 55.29243 41.67471 63.80555 -24.22907 56.01082 -25.46287 35.82454 2.29162 102.46527 46.58683 7
69.93833 73.42635 59.36318 83.07022 -8.78572 52.56752 -34.40974 28.39954 111.77317 19.46821 120.81673 89.48437 68.04918 57.90393 32.01548 6.94835 4
-9.04770 -0.03549 55.19179 62.22891 105.54979 72.55888 156.50290 100.97126 82.06438 92.84331 15.51013 56.51855 1.16433 35.15066 -15.94491 -0.35893 1
-14.55316 87.88690 13.04817 70.72406 104.16452 11.06916 69.44545 11.82732 30.83361 -15.18086 26.26743 52.95984 94.35760 125.88631 34.07372 77.06963 8
1.51018 125.65867 54.58688 117.00943 65.32382 29.07702 17.58277 70.62415 -34.64177 26.17170 7.44612 -8.46885 68.86426 -5.76961 118.26967 -2.70048 2
24.82937 86.55056 14.30887 64.63664 112.50383 27.16881 82.23061 19.48123 38.65920 -6.75481 -5.21400 90.32559 31.59771 126.45682 87.09877 105.73447 5
96.39430 24.14473 106.03411 80.86659 67.89436 116.04389 24.83605 87.88552 7.18248 62.97886 81.76412 65.16349 92.18551 24.47755 93.48690 10.19322 9
21.81617 67.33404 3.25559 90.55168 67.41596 86.26796 16.31745 54.26156 29.70086 -2.72841 65.24306 -23.83068 36.32202 25.00545 142.19940 8.17664 2
90.48782 77.77382 18.26032 121.78546 49.14056 51.78491 78.76274 31.72670 104.23492 -4.42700 20.32111 24.12828 6.08820 27.75691 62.33511 85.10955 8
-9.86835 31.71352 27.61807 92.15936 34.23118 48.90912 82.34224 40.98124 1.29106 3.01783 -3.54296 15.38790 38.67855 -2.99578 122.21081 13.65282 2
30.18542 129.47519 53.78691 53.04051 6.32635 38.32457 15.94675 46.96915 36.36004 34.13234 127.53955 78.75674 101.96049 84.91043 31.75370 109.36652 0
0.11548 38.56474 72.68670 90.51231 37.28450 87.41411 39.94664 47.21983 3.29392 16.09095 16.55427 7.29645 70.20521 20.79991 81.91181 9.53610 2
-20.27743 75.84166 68.90513 118.32886 97.39403 104.05406 73.81320 32.98041 74.55935 81.94207 58.58796 17.70694 84.29584 1.35629 21.47242 0.53836 3
38.70231 68.51750 129.21987 81.15114 114.13945 77.12218 83.08801 39.35763 50.97345 8.43044 -36.49649 -23.47920 18.88461 27.57946 90.25945 -15.64579 1
22.55248 80.98727 -3.96598 56.06899 -12.23814 6.09787 108.17543 14.57160 87.98149 45.15757 80.49406 79.79226 87.16044 88.26241 52.34164 -10.70091 4
18.05096 66.96690 27.61016 126.69813 40.26991 98.95478 59.47823 42.22574 10.40972 50.88769 32.50253 -6.98997 63.22965 -31.01548 94.91780 31.20817 2
14.19513 59.84064 31.20817 105.69804 66.18725 118.49954 83.59192 31.12045 33.16834 8.53151 82.40099 -22.69907 40.81193 -19.39941 -7.79807 11.56140 1
-2.96197 98.00493 45.65655 73.07935 79.94992 99.38921 79.75534 51.10555 27.32419 19.89437 27.25128 -28.22566 69.99034 39.18587 10.22747 17.38457 7
84.82876 103.75674 71.20482 91.49689 73.78812 32.76825 30.77286 72.83944 42.97028 30.30989 15.44605 56.53388 19.85852 62.74100 34.58137 -9.61519 1
7.65576 94.67178 -2.22163 95.39401 48.65160 97.20022 83.44491 95.24656 53.27776 108.66300 30.65734 35.54072 8.29891 25.32850 29.77238 -5.61182 7
42.14416 103.67493 27.13996 97.60614 12.68414 46.63945 -3.52484 -9.70199 38.41994 -20.75512 72.98059 22.95261 72.60046 -2.76632 -11.43155 7.63107 6
81.92488 75.03172 33.92402 49.80021 26.16101 46.08995 29.01133 34.42012 72.81590 -24.06283 61.16714 25.33245 79.81838 85.39046 -35.87571 64.99028 6
67.44124 79.86248 31.35656 106.63749 74.79433 58.95736 44.34392 35.24782 43.73911 -12.54515 12.77643 41.43327 43.68238 34.71235 85.08038 56.78362 8
-13.84855 5.09596 23.99769 41.51606 67.82645 73.61409 90.24194 118.82539 52.43717 66.29163 53.92882 54.27435 90.63763 39.13384 14.25943 9.45993 1
58.00980 83.62799 51.06091 46.55147 61.42352 14.93629 19.86357 4.60453 19.56280 20.48638 60.56178 37.89570 127.61154 85.31136 59.58710 103.13289 8
21.48726 96.49643 2.30094 77.61237 -6.08021 17.65372 39.85079 67.84115 132.32799 19.79086 75.20048 57.98525 87.95719 36.58773 81.43621 40.16900 4
90.82799 82.80673 65.80002 100.24462 17.25857 56.15454 45.31147 84.75144 63.14407 42.06345 58.98351 -13.31965 30.97662 -7.20947 -13.99376 0.20096 5
112.64785 128.00054 10.67450 114.86159 28.61004 64.16603 104.98945 -1.45212 16.45110 4.82182 -2.85218 86.18705 111.85328 96.86249 23.48619 84.46664 8
28.54743 77.57173 15.02607 66.27920 54.78398 117.98659 43.43921 112.02549 124.82250 73.99073 101.09545 22.21993 19.41447 -48.44553 -5.12895 28.46852 9
105.43311 76.34244 74.99079 70.75892 10.63074 127.79248 -43.36581 13.33119 58.76448 53.67502 102.20272 26.95513 30.60479 24.73136 18.53381 1.88139 5
30.60073 48.79035 103.99911 88.18575 45.55961 99.97744 34.03516 56.11430 76.54734 9.82373 -15.85089 16.34232 35.47281 38.01955 110.28468 18.46990 8
76.56920 109.32090 26.20148 63.58883 68.98236 67.22044 -16.83227 39.18110 71.92423 41.40114 73.63625 52.26330 96.98122 47.45586 87.75603 -17.47566 4
114.60498 97.46974 23.44403 86.65615 -16.60290 67.64374 -17.02278 0.59770 30.17079 6.74603 57.58631 5.92478 71.61723 15.26555 -12.32897 60.18480 6
-26.33194 78.45000 41.79804 84.46391 31.96247 105.03969 68.78444 37.37214 49.79919 -31.21611 63.15105 -10.32637 76.49136 39.29197 139.48047 21.39236 7
41.26149 76.17327 87.49535 99.24902 108.62223 51.94439 -12.45839 12.86572 21.16240 -28.56162 20.85625 23.66990 41.22664 -11.50683 120.53380 26.14229 2
-7.33807 43.21055 39.16818 55.01756 62.12018 37.87339 66.16933 43.52546 44.52429 8.66500 105.57063 -30.95066 45.31684 25.23418 2.52720 -16.30566 1
-23.38113 29.87480 93.55379 63.69125 33.59539 98.79551 34.09413 54.00987 66.35593 30.64043 -10.78498 -14.98144 82.10526 0.56005 120.30527 15.43195 1
-17.72938 95.68258 -8.23533 86.39243 66.50874 99.13250 102.24045 108.67356 93.94843 79.29193 49.25392 58.05905 56.51598 38.47898 23.96087 9.49653 1
33.93082 81.75006 -35.13172 132.10829 9.60717 5.38802 76.14578 -8.39922 82.69586 15.57493 107.88862 85.16762 105.27467 83.34065 -32.90895 79.07413 0
63.91524 59.03283 46.84015 66.71146 74.47619 127.79654 51.04967 131.74024 115.92381 74.31400 116.43212 28.64283 3.23536 -7.33607 -2.17771 4.33600 9
68.39288 77.14910 11.44121 29.22555 16.54134 51.94652 -7.99212 10.75757 90.10896 -26.20299 86.47730 5.53363 73.13488 51.69195 86.70680 120.56021 0
79.12260 76.60501 110.21126 46.60492 101.31742 74.53621 90.41224 109.72264 92.15094 74.27464 129.09501 15.53123 50.04248 -7.36021 -17.08787 -11.44401 9
42.21441 89.82691 51.17592 55.18411 -26.93933 33.82551 57.36988 32.29972 133.45849 79.27037 53.80390 69.50994 71.05486 49.97249 86.36138 -18.14108 4
68.55148 93.75428 42.37486 73.64909 12.58465 48.16217 -12.99148 36.32548 36.54323 0.60025 92.38055 64.69094 75.24325 75.97868 10.26523 -16.04725 6
90.68245 83.19717 42.47225 99.15144 24.94225 51.39580 -12.35887 33.41119 15.74449 -11.63389 82.67215 28.26536 66.51875 38.92375 -12.04456 22.30592 6
9.54559 98.04869 -33.64619 117.04978 17.94156 17.90765 58.39241 52.06912 84.72353 61.02417 77.52279 85.10116 34.19848 48.62321 4.70429 -3.24277 4
91.56662 84.96950 31.92119 83.02514 12.68739 63.35936 -26.89226 26.65555 17.31790 0.07003 119.18848 52.23553 58.85117 66.93921 -15.14173 41.92187 6
16.93559 81.34108 80.02154 150.73789 66.51031 89.05019 71.36437 62.62650 119.75770 47.65100 88.82373 -39.12085 36.50726 9.75059 34.67777 -5.33745 3
-16.58635 66.47912 65.79611 64.22633 96.97337 113.28850 89.13301 106.27863 101.12112 74.58017 83.80890 37.67889 88.37697 30.56257 67.01700 -7.16689 1
-15.31551 102.72637 58.24692 94.88363 33.07146 41.54273 14.82877 24.63007 3.81810 3.57137 78.45911 49.97162 94.02815 29.00952 126.71483 -11.12832 4
49.51895 106.66818 13.73719 22.88043 -5.09987 28.40637 94.61902 -3.88895 85.49255 45.18268 65.46905 66.88874 20.76065 74.92982 17.01238 64.80143 0
59.61013 54.10017 59.09299 97.64289 94.06254 48.57714 43.03977 28.79762 92.43370 29.71494 79.14196 6.28015 30.03071 -6.87727 -13.62115 -5.46992 3
33.50621 74.53472 -0.36238 73.48557 -22.96268 12.76898 52.33503 -16.27255 126.44970 0.91175 69.58121 91.65687 78.04311 110.36859 -23.22311 70.50004 0
9.66108 28.00749 -19.25476 88.43730 14.88481 56.04867 75.56696 100.15181 104.45603 89.47852 84.87784 90.48805 78.84005 5.68862 60.68311 4.55401 1
32.90639 50.36224 57.28306 101.94570 92.20575 118.96737 75.58734 35.11387 43.58698 50.72502 85.64279 33.44105 67.41324 -0.58288 11.06533 12.87309 3
66.37139 96.29687 81.07319 94.26994 38.98125 57.45926 -31.57577 62.10606 68.53147 32.11953 50.83194 32.85781 36.83914 -25.74854 43.62343 28.80956 4
124.96444 121.77070 53.61361 81.78687 21.08386 36.71492 12.45074 70.55183 24.78650 -24.64932 48.77907 8.07291 53.05011 30.19655 40.42226 46.51550 6
27.42608 116.84266 84.15887 111.86736 119.68757 89.13911 61.62591 29.76557 65.37252 20.34551 61.92101 22.61746 28.50396 18.69037 -9.66815 -18.94320 3
88.41063 95.81478 77.42709 75.54193 37.20603 56.01494 93.77934 73.59563 100.01392 32.28307 83.58765 84.14079 77.97923 25.49874 91.26473 -45.63710 4
-4.71143 118.25725 43.78792 108.62141 98.90281 87.02520 53.54834 68.05376 27.07287 -1.32358 -5.54173 -6.45601 81.67063 44.81137 122.02006 87.05324 7
26.63100 123.52737 -28.17662 67.35334 -39.39181 2.93764 26.14992 10.35654 85.32978 16.62016 101.61935 42.74765 50.57580 116.68687 34.10997 93.56643 0
68.11537 118.81610 35.86494 119.59713 0.27660 35.96165 38.36120 3.67398 26.61418 10.47449 105.52228 11.36419 123.44353 -6.64710 22.02474 59.04630 6
24.83371 72.31450 130.49189 76.52315 13.38408 46.35539 80.44869 37.58535 38.77969 -19.96118 2.48512 25.18023 51.06270 63.39285 86.32284 88.93090 8
14.10965 94.01667 36.28543 95.72586 53.02591 107.90612 19.47433 45.69921 -1.12503 -4.29185 -5.58362 4.82826 76.02406 15.45003 129.96672 2.37405 2
22.36872 82.01440 33.64893 92.89494 104.93933 52.75544 105.57977 51.66244 54.41983 0.40169 28.45961 -13.31447 22.24924 43.48234 110.16559 41.47155 7
100.83878 67.96172 89.68960 97.11248 48.95852 111.96710 80.21669 64.71700 113.50318 99.97067 76.09758 20.55295 26.44287 -24.65619 -7.50469 6.76554 9
83.32095 104.82546 28.38253 80.07993 21.19478 71.11830 -27.80606 -3.76594 68.69637 -4.27427 89.67042 31.54381 79.25079 56.15304 -4.23305 18.78199 6
100.34564 94.36986 76.30500 105.34270 11.05501 60.79597 3.48505 4.15116 23.00689 12.74728 53.01147 12.59020 67.13901 5.74223 22.72586 30.85233 6
49.60711 62.27778 76.70131 102.68582 68.95692 82.20593 50.57159 45.92059 12.44069 26.46047 -10.11793 -10.74244 50.80370 -65.04611 97.32700 0.13111 2
-2.41938 77.91752 73.21389 51.16218 113.74649 102.18961 -1.87745 97.79380 41.68571 79.41895 107.14921 53.83144 97.62015 36.94267 56.34583 9.66882 9
8.46013 95.18558 18.50889 115.40100 83.17575 26.49959 50.57558 -13.76296 68.46329 -3.87206 6.25639 40.07509 15.50000 51.15181 113.43907 60.38822 7
53.20532 103.87764 24.16316 65.53053 18.57378 40.06477 69.01738 -3.27185 -0.87444 -11.87076 -2.00581 23.14447 39.49509 106.46558 103.67415 93.47119 5
125.04102 99.18342 73.18543 99.86287 43.83497 29.69694 -5.57756 36.17680 -40.59973 13.47225 67.09781 14.41507 51.28853 48.69504 28.24140 -0.11188 6
-1.29841 60.97159 45.05958 115.52992 43.68003 38.60453 79.97147 38.48990 93.29767 49.72279 93.30237 23.04105 56.63710 -10.40386 4.78319 24.34998 3
32.72786 105.22003 26.48596 83.63628 107.89966 96.88854 73.25811 9.01753 93.34426 25.04652 106.79594 -2.84732 36.76574 12.51748 -12.96797 23.62991 3
21.45400 111.66065 -13.44227 61.98512 26.96818 27.82951 86.19527 61.06240 129.71121 77.97512 93.56893 66.08344 86.72009 16.49763 94.14493 -0.07077 4
-9.43706 75.19323 59.19814 98.33286 23.52544 81.56395 41.89798 37.73540 22.02783 -8.33960 73.00866 -6.94121 59.49317 7.86575 -2.51810 -11.68679 1
131.67056 118.39099 62.20286 60.79678 27.50401 91.49954 11.34835 20.95635 12.38921 23.59346 50.88656 -1.04795 73.34631 64.69743 21.26284 24.82711 6
17.98943 83.18607 42.55789 100.89321 97.28416 68.29637 74.06579 28.62847 -5.63539 10.72948 29.80523 6.72114 45.04400 45.96395 -36.55011 109.65451 8
-17.98019 73.00552 65.31584 102.32338 69.71075 85.31312 51.43806 41.34781 81.49903 24.41845 75.44085 18.17429 51.14649 -25.80205 1.44660 34.24128 3
116.12907 79.29255 42.12631 95.45085 8.05258 75.56981 27.63186 2.50680 22.27848 17.22300 26.27918 5.76251 48.58701 37.67027 -2.80179 -13.91893 6
73.33016 109.80536 37.09781 101.54143 25.60563 75.39112 -9.70674 38.08719 37.13211 11.19657 79.09597 12.16316 71.45557 32.50077 16.48348 45.54660 6
91.15022 89.79581 115.22475 65.25131 90.48835 92.41996 15.87465 68.51256 32.95993 55.50154 100.94819 50.39386 67.73338 16.34615 10.63848 13.78680 5
71.81572 97.72848 104.01060 98.92188 55.12205 102.54672 18.57856 70.19401 13.22469 18.68264 71.31056 11.54087 50.16474 -16.52108 20.24962 -3.39083 5
19.45554 53.94712 115.35221 147.63855 48.17864 71.30994 61.39826 60.71627 79.22426 -7.74112 113.47332 5.64032 23.74393 1.38627 16.87643 25.65563 1
98.45801 69.40547 66.64355 70.44142 70.68050 50.60604 72.69044 84.80122 91.92754 99.56840 66.21872 22.56027 67.66464 -4.08933 -2.11492 -21.11418 9
-29.47825 104.98516 58.38112 80.52204 64.59080 92.42244 111.70585 62.75925 98.31780 50.50142 51.33216 21.66346 52.00877 -29.89659 49.47614 -8.22857 2
41.12114 92.05879 -9.34504 93.71497 22.26452 55.25718 80.63132 39.37501 99.42197 79.45590 79.23011 81.01767 103.81792 36.54777 11.82686 23.49698 4
16.21882 92.95262 34.00574 89.18294 73.07376 91.72324 111.43407 26.62985 78.20145 -1.52263 61.30981 -14.07998 63.05496 32.76130 90.96542 42.60188 7
16.02390 77.47110 43.08427 106.31684 95.46497 132.93045 100.70562 115.37315 100.70252 68.02879 78.00787 61.39640 61.64242 17.17724 24.08549 46.03725 1
8.44265 75.72045 90.87775 14.39020 104.97903 61.60471 25.20033 98.40226 70.16837 53.74679 107.21222 66.41631 72.99989 -13.36528 -38.67717 3.67015 9
9.05429 51.88199 26.56922 112.17037 28.70126 129.81223 32.66054 61.54471 36.98917 -10.55534 -41.64544 8.05935 32.02413 17.14318 101.55356 -33.00946 1
160.17997 111.22516 77.45838 82.70493 6.18019 8.26516 35.29064 16.33064 113.62839 2.74257 96.11023 10.32535 24.58679 31.24188 2.87323 38.74309 6
72.66767 104.75689 9.56888 90.53804 -5.39291 84.31112 100.30197 64.88707 87.75275 92.24021 81.54427 71.98254 22.75067 31.69342 76.23309 6.30220 4
21.33904 97.40553 51.75189 108.48690 118.56746 90.87003 7.47425 105.58035 25.38480 40.50785 96.47914 97.03078 59.10034 4.12751 -10.77511 10.70244 5
24.17784 96.97204 29.14184 96.77274 80.78884 69.15529 45.54707 48.56812 131.21234 15.53679 106.10127 26.25887 50.14064 17.54543 -14.09376 -20.25123 3
-5.38703 62.26056 -31.35614 110.66832 35.92237 100.30811 126.73495 74.32598 75.92722 50.02600 67.88716 48.61917 65.52421 42.51741 78.03686 -10.75916 7
63.87784 90.58201 58.80891 56.17968 -42.16977 13.14986 -1.91942 -13.44148 26.70014 6.82695 66.96407 80.92114 74.12367 98.91971 33.67592 69.41881 0
30.17228 73.52087 80.43296 90.35499 45.14667 46.74371 -5.82172 70.79578 43.08714 49.20493 122.23679 18.11458 58.95589 -13.53264 -9.87914 -1.51654 5
98.21316 112.40677 67.02646 78.51351 35.62776 27.79083 -14.51011 38.12093 36.69315 -33.68178 122.99100 34.15185 90.49424 54.85073 -25.03888 12.20059 6
87.68074 128.59459 59.93066 127.67270 52.61863 54.44258 4.01005 59.27232 53.21067 5.03944 50.14948 7.26496 0.18507 22.82747 -12.55167 -28.68991 6
3.58718 52.30393 46.89378 39.11099 55.25374 14.15603 -25.55629 9.06042 -3.39100 38.81066 2.56013 90.36465 76.93705 138.83679 79.49725 77.14431 5
23.58883 88.11559 29.23024 81.74731 42.03365 67.25780 31.03263 14.98010 -1.25352 8.81169 34.09618 22.19249 0.13900 35.15992 82.34982 17.59192 2
94.79345 103.47873 35.64568 72.38203 23.09203 73.82374 25.20979 36.33877 -54.50304 -14.94785 41.11094 16.65506 32.60702 31.02167 8.94108 40.73036 6
57.35575 114.14750 24.86059 87.97358 42.71180 58.40755 27.12139 58.44249 35.80541 21.08657 50.92954 21.71568 97.70233 -8.34146 112.63475 7.55235 4
13.88508 131.20731 15.83760 65.07102 -25.07136 50.96292 3.82133 46.92790 51.79939 59.65448 131.05299 77.28402 84.13061 29.59674 98.47251 -13.80839 4
48.86937 83.56242 58.16296 93.71703 64.55899 78.42120 69.07063 29.00811 11.87339 17.97567 26.45671 -15.13229 56.63564 16.62861 87.37614 -0.75701 2
8.50181 108.29263 25.95870 74.57708 58.86811 78.82733 54.29029 49.34222 66.18537 -6.25037 59.73177 45.82184 40.62690 28.47781 90.41713 9.96053 7
82.62878 102.39954 55.38024 86.39772 42.10578 60.02444 5.66613 24.72765 -11.37692 -12.91001 50.14161 1.60777 39.03658 -8.51780 -1.19317 17.60890 6
43.05392 27.97651 56.19471 57.41166 91.15084 32.61264 -7.67235 6.02250 37.13300 56.46394 109.75871 47.31527 119.32300 106.30408 67.44172 45.38231 8
-10.04165 59.33487 6.40788 58.19279 0.70617 19.57496 91.70470 -3.54124 79.94271 21.42748 114.57511 102.61977 83.09373 94.43613 -8.61336 101.55762 0
90.86096 79.92239 97.16374 76.58079 34.66161 65.40846 27.19558 38.67714 43.49946 32.21183 62.67388 -7.65258 91.43246 11.70660 24.51551 -7.31006 6
9.89055 115.93249 7.23153 92.48566 32.92854 108.96354 50.04621 80.47555 76.20589 38.33972 90.64173 39.87610 145.09665 -3.59571 70.16415 48.14045 3
92.55866 72.99441 58.63144 91.93664 31.45316 79.39687 16.38037 86.89554 24.95652 27.25183 70.55661 -19.16116 56.96968 16.01403 16.02680 10.05598 6
60.44456 91.88527 40.33637 86.40846 62.46441 109.69133 104.37899 94.23638 81.09103 46.25452 73.81267 16.56484 43.14417 20.43590 5.89483 21.52876 3
10.29849 59.53564 12.94577 60.96714 114.14732 122.06826 124.91768 114.62331 93.36808 75.15649 64.49037 30.71403 -1.98757 -9.50439 61.51524 10.35723 1
83.21937 78.37734 12.30657 107.78604 19.82610 75.38018 6.39646 15.23744 37.29866 17.79110 107.39107 -17.78638 126.15070 -25.38257 30.65685 23.92624 6
-8.76489 64.13109 56.72104 100.48206 101.72454 81.21647 102.07722 55.67377 60.41738 38.75050 83.74569 -11.40009 102.14199 3.33545 38.90762 5.29916 7
66.61928 91.21989 71.30775 67.04963 66.48136 93.37012 29.77684 85.37574 59.11747 71.31869 79.55244 57.29067 99.87489 27.69729 24.51439 5.42679 9
-40.59713 41.48470 60.56869 86.23533 76.13500 142.53893 80.65545 135.79771 78.96830 69.74484 59.40911 54.14270 25.69878 21.10228 0.96606 40.09161 1
72.48953 117.23681 61.41701 32.62039 -13.29161 28.15779 -26.88396 18.47188 42.22354 23.82474 79.48256 85.34246 83.19238 36.31775 62.63895 -13.78176 4
67.23895 117.65557 52.25925 93.78221 20.76155 52.99578 72.14910 56.09242 73.55953 60.46415 56.10273 13.54633 12.95395 -11.93706 -25.80812 5.76311 5
6.49796 98.76820 15.80670 55.66893 45.52477 54.12047 67.44302 54.21679 58.23214 16.66451 90.59490 35.63140 71.58548 -6.67319 -6.42354 13.61712 3
85.84656 76.01647 73.66579 78.91388 92.96846 66.10033 23.71966 59.66058 14.55056 10.85295 53.36958 -3.43032 28.65764 29.35469 12.12594 42.36613 6
-9.19339 27.02688 17.97441 76.49017 67.98129 123.55545 83.17674 54.27750 -13.97375 6.10029 25.27598 -12.36685 56.59258 24.52550 116.64999 17.08737 2
91.95234 90.43599 113.74029 112.67533 63.55650 86.75639 35.24234 66.00726 62.58744 39.81323 14.23240 -7.22602 24.19230 27.56637 -14.25796 8.25876 1
50.35996 114.61886 1.67597 117.55775 76.29407 22.74779 59.18373 69.58675 125.30941 29.12041 85.86174 15.69522 -3.33560 -0.14391 19.63510 -0.11127 3
53.88239 66.39734 -23.26088 78.29215 16.62319 77.08631 57.76044 47.39097 102.02653 63.26991 98.76859 79.53116 49.16161 30.92922 100.68140 4.70464 4
10.69682 95.14165 21.15962 88.71574 34.79352 50.73105 63.34937 36.23847 45.99508 30.92219 10.04849 33.20484 54.56627 14.96027 85.09913 0.53322 2
67.79009 77.81066 31.26243 114.93741 46.88399 55.71513 99.21918 113.62928 75.50326 37.55532 79.52773 -1.97658 69.19001 -9.91407 -13.64018 -10.01808 9
94.63202 111.25474 33.35695 77.36478 35.60918 73.24666 -29.92590 -22.88033 79.71375 30.10864 104.88796 42.56650 65.48509 2.51538 3.80283 25.43974 6
3.60811 42.52219 6.93811 34.17287 45.27588 9.02710 57.51267 56.07749 79.95306 58.01387 77.74373 85.82960 33.14902 115.68469 -24.25130 67.27965 0
126.42756 61.54618 39.55741 64.64527 27.12106 121.48503 99.77995 30.54813 108.06110 83.03751 69.59287 56.43826 15.73071 -1.16554 5.52643 14.72345 9
38.59577 63.26177 53.85941 108.03021 50.94659 88.38843 38.22465 34.41973 32.03948 42.62532 1.37228 7.43575 28.48683 -11.42295 110.52086 30.69855 1
48.20489 32.33993 32.68994 142.07940 94.82093 124.84371 78.25234 32.29209 62.68145 20.58452 -15.15720 -45.97553 57.33066 -34.06314 82.47421 -27.39744 1
42.76368 84.98158 32.96269 32.39302 -4.33348 -8.08467 74.19158 -13.71862 130.24606 50.43643 89.68300 106.99579 18.24633 100.11785 19.44081 58.48777 0
-6.84322 91.91560 78.83417 104.19969 99.78258 94.68312 74.08301 48.44581 43.63500 55.78576 81.23068 52.74755 46.83954 -7.02092 15.02614 49.75630 3
95.19505 98.21830 26.55698 45.73617 46.35385 71.86869 79.39362 104.93469 81.52845 103.92638 113.87583 42.24203 55.95543 14.63608 -5.69345 2.74623 9
23.04373 86.39093 -22.91775 84.19194 27.06604 15.04036 70.95310 45.71036 97.38727 88.68027 117.89557 67.38050 87.37131 70.61289 59.67876 -7.13640 4
-16.41357 51.63535 23.35794 55.38725 68.30690 90.40392 89.79358 117.66831 119.85727 100.67530 47.78500 82.90224 60.90079 27.37929 11.55165 -2.37413 1
0.70523 30.30865 58.55145 73.96303 69.89662 87.86169 121.78641 107.31510 78.81820 40.40949 35.64921 67.98344 53.19107 0.61987 14.41750 6.98065 1
41.62297 66.23932 101.16416 110.90063 74.32013 96.98841 -6.84950 25.42769 101.77216 16.19122 112.94783 -7.11110 23.01200 -9.76804 -19.45336 -45.14182 3
106.79456 61.30914 61.62802 75.32382 -1.98486 32.28604 14.95692 19.15632 33.01066 -2.60586 97.43975 12.78627 49.12998 -6.80061 -3.51405 -19.87568 6
-21.54086 130.03703 55.43696 121.40682 83.17340 80.22334 54.23913 19.48262 71.17084 5.89144 -0.04304 31.85495 87.17068 41.72515 86.51043 46.55580 7
54.67166 73.22638 36.30028 137.43628 26.00891 84.85175 -28.71503 58.90158 55.41057 55.61352 89.66364 78.30978 23.64534 26.40762 0.50746 11.37914 4
47.23955 99.27320 -11.73908 105.36644 59.32910 83.08088 28.34548 12.80844 -22.30192 -28.63002 -0.33524 36.99203 0.80291 91.52761 104.91762 99.15970 5
27.39490 119.36255 39.53636 98.58028 -18.46887 45.42707 41.38833 101.56945 56.49372 75.13856 102.54696 47.65908 109.25337 1.60794 46.59694 22.89940 9
6.68313 68.83926 18.20703 64.03272 100.44666 121.22670 59.62845 86.98572 93.32567 41.30300 76.80441 3.64964 50.39328 19.85162 32.10528 -5.85915 3
41.44943 69.96516 132.48296 107.42154 126.49306 66.74183 28.00338 121.67545 2.39674 82.91841 103.39251 61.90959 76.01983 35.59205 -1.24547 13.07153 9
27.84350 55.98030 46.68045 98.82986 76.99716 67.30643 63.46816 42.80894 -22.88789 40.36441 -5.60893 7.52068 70.45219 -5.80936 85.07627 -9.43179 2
99.22644 91.10086 46.91123 98.23121 21.53306 97.69501 89.19663 93.17953 79.22053 56.23077 130.21865 48.37214 76.96386 -8.11071 -40.86190 37.20143 9
113.34355 101.28692 22.37249 71.32582 2.52916 76.55289 -6.59079 -4.89650 46.74534 26.09498 75.81025 26.28572 81.76138 56.05955 -12.04967 38.74035 6
63.67441 110.23048 36.95641 25.65706 97.79719 45.47697 77.08211 -47.35992 17.94156 -11.46008 1.55349 70.51271 2.93907 93.03106 119.88036 72.50754 5
51.99349 92.41501 47.25296 70.57602 -19.24184 42.17305 15.96193 13.52325 85.93447 -64.78004 114.11863 7.53307 99.84324 31.41849 2.07927 25.90841 6
95.17427 96.06236 56.22478 61.47966 84.15233 117.27829 73.63796 108.15000 81.61824 55.57389 138.32272 36.93469 59.01220 19.90105 -7.77334 24.58164 9
23.39075 103.44337 12.21684 96.54796 65.09567 74.37310 38.07527 38.20122 -2.90170 30.59593 22.22862 29.18215 31.34377 22.32929 66.62003 2.74406 2
20.63480 82.08868 -21.32624 100.72048 -10.65335 56.98712 44.73678 49.40594 86.62421 38.28093 87.05892 8.75446 13.43706 -6.66723 11.46154 1.50787 9
40.65427 100.05887 14.65942 128.93445 88.46599 84.94824 106.97679 85.41942 52.58335 34.67811 -13.31732 10.56017 25.36074 36.01126 139.89266 17.85961 2
121.12497 107.26740 54.02239 119.19127 65.63919 100.04951 69.62534 86.97699 84.10075 55.36478 71.91670 15.07710 58.71149 -22.37347 -14.49339 -12.78003 9
31.73633 50.46337 26.92557 35.68788 59.52408 94.75097 98.47021 138.24712 95.36956 73.65166 68.17659 25.17625 67.38786 1.54352 -9.66447 11.88536 1
42.61336 84.28950 22.21522 123.07822 -12.73758 66.04700 44.88277 71.20760 60.24777 71.77554 58.73991 50.44036 27.88003 30.55363 16.37375 -0.37367 4
15.99798 80.53794 60.90762 60.71971 87.21445 -11.63907 35.44820 16.19751 53.15063 25.88904 83.61783 79.83629 66.27174 86.32377 13.37580 119.69214 8
95.38166 60.73738 2.59239 88.53852 51.34008 64.37542 27.02476 68.32093 75.75800 43.63589 102.92138 -9.14640 39.94383 8.71351 -8.36061 13.91011 9
26.00891 102.54465 14.41091 51.21237 46.19815 32.05514 54.10948 -16.93782 20.91188 -11.19270 -19.98411 69.75053 15.52791 60.59449 86.77566 104.09375 5
20.06907 70.00102 60.40200 79.83126 25.18283 89.44111 92.85358 121.17707 65.83986 76.50037 41.88939 39.02010 72.81851 17.41918 43.19384 -12.76446 1
1.14633 96.36758 21.41157 107.35002 81.71712 73.16801 24.34630 47.35778 39.69830 -2.99115 122.98670 -16.57633 85.12131 11.62319 17.80980 64.49109 7
54.29017 120.82486 36.47229 67.94248 27.84482 36.71681 10.21514 -3.41540 77.10024 -3.25394 82.88546 60.43172 69.82441 23.38388 26.11961 32.70970 6
-28.95162 65.24574 19.35641 81.10360 63.31221 114.70918 47.27281 90.05312 26.68331 6.43674 2.24420 11.17255 43.66424 -22.22082 85.17625 38.85286 1
21.49514 92.05072 -20.32048 43.07093 5.69603 4.84376 56.10360 -12.13499 100.11027 50.99577 75.38980 62.33557 23.56532 108.39468 -21.34356 37.88359 0
44.62950 86.14219 43.53417 117.85038 99.12477 96.70799 18.27545 54.42824 17.10191 12.95351 40.70973 6.53883 69.32657 54.09839 109.94105 12.97594 2
-20.34526 62.85497 69.71245 135.45226 -6.21812 40.96839 60.19998 43.46346 84.03551 -16.54577 94.14671 47.08415 77.96708 126.46714 27.17311 95.19017 0
77.24022 101.61357 10.16386 78.31740 -6.99105 48.13270 32.60891 44.33321 46.36764 14.45822 69.96717 -6.36620 31.85485 25.90983 -12.60126 0.21463 6
-27.78416 32.99502 25.91415 74.90169 61.72037 62.44518 97.35037 104.29120 61.46941 97.04809 94.26691 27.89439 114.85499 21.31650 61.24854 -7.09527 1
40.33581 114.24696 115.85012 107.56579 97.82072 102.07668 49.71866 82.55654 116.71115 60.70253 113.76363 11.72513 37.04975 29.69789 -23.98243 6.71191 3
51.05275 56.23579 78.81271 78.66512 101.37212 47.22419 15.10926 36.37777 67.02708 32.15694 46.10693 -15.32124 14.99716 -14.39110 -49.79954 17.40760 3
32.85629 85.56449 75.09455 152.01288 94.05669 101.39785 59.40632 76.91249 79.56171 85.41367 120.93836 39.49772 2.02457 -21.98232 -8.13263 18.32779 3
38.52156 60.22625 24.77215 76.86451 80.39804 52.62112 18.93605 105.39648 69.06461 80.23119 102.77897 18.05422 65.93327 -11.97156 43.91963 12.85210 9
108.89627 103.84029 75.51049 94.18973 53.38395 10.51556 9.95586 16.04290 13.88813 -6.60253 83.13398 -12.75197 85.17452 42.49146 -49.43857 48.57245 6
32.92317 49.84466 -8.57243 77.56873 44.60037 70.39499 90.93301 122.18856 100.40433 114.16306 86.92141 35.71825 97.46168 0.79237 33.65524 -10.03048 1
-54.53068 72.79547 46.02964 63.57061 77.55834 75.99917 96.00141 90.10556 107.98466 68.79202 95.15473 29.37442 96.12169 31.19235 83.25532 3.47434 1
-17.17424 76.46771 53.56278 114.49217 64.70582 72.64383 77.29031 25.53099 62.26423 63.56779 93.13222 18.69592 58.42288 11.56522 11.34119 -7.63977 3
71.80145 78.08692 12.04133 94.33958 -23.87166 46.93295 19.53620 56.85263 77.30434 76.68810 96.54405 51.92796 112.63997 55.82560 100.50992 -27.13055 4
-4.72690 72.51310 58.27520 125.27812 75.97374 31.67166 39.31367 52.51443 60.37197 40.09130 106.51475 19.82796 87.37600 18.67717 -1.21636 -6.46127 3
30.25228 54.22588 44.89196 68.71027 40.37320 85.50529 95.08533 36.35486 26.64130 -25.26029 -17.29379 5.90897 31.58862 1.81723 94.40874 13.73037 1
0.73325 84.26621 34.11575 87.94851 44.13362 125.38018 107.07957 117.83621 149.22706 48.21428 52.44347 37.39971 46.93210 58.21983 63.52767 -8.02852 7
54.29012 115.26068 43.18963 88.78063 38.03216 21.31360 -18.60298 7.51763 50.98896 18.83205 118.95946 12.55926 59.39514 38.09370 44.85664 52.95565 6
63.86189 87.47620 106.98427 129.89509 109.69972 82.72483 -2.82047 50.56722 16.95086 88.95204 137.93700 22.72994 75.48200 15.79476 28.95957 32.25132 5
88.69566 104.87287 21.25019 108.94738 -25.98885 92.78221 -14.86220 17.85714 42.46579 8.06988 88.84816 22.42553 54.22697 67.39302 1.62772 55.80386 6
5.23629 106.92078 23.48307 111.26873 -13.33726 59.42414 22.02630 15.62851 89.63655 77.02935 98.03703 84.55336 62.51004 4.62495 132.56255 -4.34583 4
30.90859 64.75350 12.00673 65.58443 60.97784 97.74099 96.97710 13.24525 41.02914 16.61569 17.80908 33.59125 40.74605 45.35161 120.45773 45.83302 7
41.67552 92.78677 86.08539 67.46498 104.69888 96.75894 69.48172 58.69266 108.65169 46.23900 54.56820 4.73804 71.62985 -20.72395 -44.60789 -3.40853 3
20.97393 75.43573 36.12209 71.39992 16.66280 70.59858 136.57306 60.73244 79.17954 81.67124 58.56311 95.11543 43.29868 45.63904 58.51945 20.94620 4
49.46365 66.03570 63.74581 82.51435 89.45588 138.70937 29.29546 110.00246 30.41897 65.93707 64.32189 71.64373 97.20550 46.68832 67.65766 -15.47389 9
8.30367 55.61870 39.94037 39.27827 78.70835 70.75141 84.12808 91.30339 65.86047 70.25612 39.38964 35.99595 8.13936 -31.26046 17.88933 10.49771 1
43.60636 55.98341 32.19110 74.46107 2.58946 56.13411 4.12657 61.74560 118.53898 94.70528 109.64854 88.64260 59.14594 102.78166 34.75845 1.68050 4
29.20911 49.06826 23.44556 67.41206 31.12313 15.76870 60.49559 28.81171 8.61377 39.11785 -6.42136 53.51591 25.93140 103.77230 95.57108 79.20326 5
31.74734 89.51656 29.76698 86.45318 65.63635 40.18203 35.59378 51.16293 24.21594 56.65432 -15.54344 5.46658 62.93101 -2.59802 94.02814 -3.30313 2
10.86370 51.23370 68.74124 90.62297 112.87251 78.44997 101.00398 115.54773 20.57716 91.21768 30.48855 16.65550 15.98772 44.17711 -1.36847 21.48385 1
11.35015 89.31598 -9.81361 49.02198 16.96636 6.89591 33.51458 0.69063 47.57960 2.09207 107.48610 71.07545 86.89774 65.04330 45.26368 65.15084 0
3.09801 62.06503 -8.80511 65.25846 66.36250 91.19016 89.35286 99.94947 101.81048 41.89044 108.67384 69.16721 93.99110 48.03120 51.10514 -13.03250 1
78.21031 90.42871 28.67228 78.37515 -2.08951 45.83601 42.39741 11.96684 112.72187 -0.30489 17.03433 -9.83486 55.02970 60.93188 91.78518 107.44398 8
82.24279 90.96729 21.27078 88.48206 -45.71458 54.38899 6.08763 -17.13736 94.97370 7.49446 92.44648 28.95321 45.94020 111.60519 22.26280 85.46535 0
-14.81089 86.50592 81.29345 80.90385 106.25117 77.32941 41.63527 19.60193 43.10212 14.68594 125.38102 5.48399 50.72926 4.03885 29.71429 35.21677 3
73.82336 76.51528 45.66112 109.94032 -0.98460 50.58884 8.33535 25.06008 33.93088 14.39176 96.77684 -2.38155 79.23085 36.90161 -31.09913 52.74570 6
-23.35414 64.91876 71.37041 86.69849 113.85931 89.12747 34.96099 74.99505 16.11733 50.25192 9.27276 -17.07859 70.73877 30.61797 73.73980 9.16507 2
-13.08234 68.26482 63.14252 72.33756 82.20493 116.94566 83.80336 36.41160 30.38329 3.66252 14.74401 32.48721 56.39911 28.61162 102.06566 -42.19414 2
22.95836 51.99299 32.03109 39.91422 66.80515 75.64287 138.01532 125.00005 71.84797 78.10224 8.94250 95.27935 78.41656 21.85205 78.31132 -20.73309 1
37.61645 103.37881 88.37677 90.01151 106.97728 79.53885 42.56968 23.04023 37.74623 9.72541 -7.70007 -2.96256 51.02578 19.93515 117.64196 105.41547 7
-23.32658 96.68892 22.89593 95.33268 88.53217 108.94235 80.09236 102.36911 69.66940 56.04674 75.97596 -5.13799 44.12873 15.92564 14.08729 24.47460 3
93.08121 105.78577 59.37510 111.13883 -29.72614 32.55483 15.74344 -1.02899 53.09966 -23.29226 112.13709 3.22954 51.80719 54.67790 -30.18365 13.69437 6
30.26355 69.09703 72.18972 74.09227 54.72926 100.06533 102.52512 124.44852 93.82543 63.65188 69.16266 13.49261 22.97218 -9.21499 73.12899 8.01814 1
48.11604 87.48789 54.57759 90.14420 48.24751 58.18323 33.44317 30.70401 -2.15211 32.90051 38.50565 4.98697 36.57355 -28.04528 118.67431 23.25006 2
11.08470 99.48359 26.04270 114.93611 31.57869 105.68448 107.58477 74.87054 101.83526 32.33385 24.89147 58.26118 -3.86615 13.96223 60.42114 -61.54846 7
76.80429 111.56129 -7.03217 82.17619 98.94647 36.05626 95.29178 61.68921 -22.02215 2.39696 46.23565 36.87575 94.56787 94.12525 10.61267 74.07477 8
83.18290 59.27377 39.96520 78.49927 41.80928 32.94511 65.21320 -11.35822 -29.95200 -0.51992 38.57841 63.83440 96.54698 136.94992 68.25459 121.14245 8
47.48781 42.97576 35.20612 92.97225 87.16177 64.21449 44.55211 63.68464 5.56155 19.17028 19.23360 -34.56425 39.64485 6.49154 119.62105 10.18798 1
63.72035 115.37562 64.04028 61.82002 6.21990 15.17920 62.98761 36.22457 101.63376 65.07762 93.40710 130.44574 141.60423 41.07094 86.42793 11.36257 4
111.11162 100.07003 51.74500 118.98700 50.02900 60.29231 121.93117 89.71986 109.10972 70.05866 92.06241 29.28591 27.33029 1.97129 11.71755 -7.71153 9
11.56438 96.78214 52.13331 128.84684 53.32370 97.80179 25.08293 41.92489 71.19349 67.16560 104.81511 40.93786 112.64925 14.26232 107.38788 -8.56520 4
-8.54861 100.37245 -4.38814 56.30650 30.35111 3.74181 81.76068 -2.26284 94.89746 46.85246 96.29875 69.14257 77.09367 99.08948 20.09863 71.56642 0
15.03295 85.84854 86.43487 112.02079 82.01595 95.64520 93.12344 75.13204 82.38844 43.20036 121.17413 3.57967 23.96517 -47.78125 15.03797 27.98236 3
75.65120 102.57323 82.62201 123.38485 -32.62763 55.93587 34.68939 92.56987 135.77217 54.63955 65.47821 51.48084 57.65927 11.45688 -4.04874 -37.71858 9
118.08804 139.14526 74.73476 95.90421 23.05700 71.34565 -10.27722 14.52417 5.64096 -9.82408 57.19104 -14.21913 78.86999 20.12382 24.99707 43.29100 6
65.14531 57.72139 61.86452 105.25799 -23.70012 93.86001 11.81163 13.84652 20.68395 9.55404 -0.85629 22.63855 71.16927 39.71495 95.55564 93.75389 8
109.96456 128.30299 60.65108 96.87695 0.98363 26.22484 45.17745 57.73057 39.26065 58.63565 42.44665 46.35261 28.15980 6.15956 48.72915 56.51348 9
79.76672 83.23586 25.28632 119.74680 44.95082 53.56341 62.04545 2.55462 -17.63565 -31.96466 20.43852 28.08615 51.95366 30.04147 117.31213 67.60825 8
48.94473 112.48547 97.87831 106.03180 41.41191 66.56434 56.09985 112.62034 97.47756 48.97090 113.70526 58.55472 42.70304 8.76816 -4.71426 19.69023 9
11.48606 73.84790 10.88518 95.66061 103.13441 98.47236 77.56158 78.74359 70.15663 105.58586 88.58146 7.39754 64.68596 71.13745 66.25253 -30.43880 1
-17.90296 98.55107 17.04255 127.06979 45.68447 65.89754 99.13803 64.58377 48.56215 21.11413 61.75290 60.66161 104.58501 3.92084 -15.52233 -19.16435 3
