-130.04891 70.15043 5
32.68174 92.75672 7
42.33430 7.63470 1
-58.07560 59.47588 8
-111.38114 67.25164 5
53.59086 -56.32861 9
-24.01942 -51.77529 6
50.91481 68.21216 2
10.42109 96.63045 7
75.54573 -9.40115 1
-4.16161 -19.71763 6
91.67263 -59.89793 9
-67.69595 27.76559 8
-131.20454 66.37516 5
58.64595 -53.44464 5
-102.76231 -76.72582 0
42.12032 -43.95498 4
78.62066 -21.77192 3
89.74792 -26.34003 3
34.54063 -42.69055 1
12.52706 -83.52915 4
76.54317 14.07969 1
-27.07835 -52.78465 6
-23.63496 -58.23542 4
-91.70630 -77.53046 0
-22.98200 80.29879 7
47.07892 95.65347 1
59.71979 -31.59310 1
-22.51403 64.97701 8
-97.51830 -88.62259 0
-7.61217 -43.39318 6
76.33731 -21.91112 3
-60.08352 -71.23899 0
-23.74630 -70.61762 4
77.08401 18.37244 1
-84.41018 -81.67601 0
-46.92225 -38.62278 6
-34.63026 -20.60360 6
81.44111 -18.89537 3
78.86524 11.53977 5
-95.82423 -84.37550 0
-130.64180 67.54113 5
-104.87077 -75.11996 0
77.64822 -23.29109 3
13.68460 -55.40053 4
63.13855 -51.26099 3
-102.66140 2.80540 8
84.15584 -25.99275 3
1.27991 71.90805 2
32.75855 101.85334 2
-63.23325 38.26819 8
-42.03991 -35.50207 9
-18.71302 -29.05425 6
73.92372 -10.85974 1
72.24024 26.44162 1
8.67344 -65.00334 4
-31.38496 -60.45881 0
-24.12537 -54.11542 4
64.47726 -71.96500 9
-11.19419 107.65278 7
79.10346 -11.54274 3
18.28214 81.30182 7
70.95562 -20.18962 1
-9.28033 -75.31797 4
74.13692 -0.22603 1
69.18831 -23.77383 3
34.88293 101.64474 1
-94.93437 24.99103 8
33.68545 -62.34668 4
84.50828 -13.35325 3
84.88870 4.76540 1
83.28381 -14.39543 1
-135.35396 57.69273 5
10.65489 92.68227 2
-112.20840 -61.96580 0
-19.57701 -8.45677 6
101.53184 1.70437 1
-99.96779 -3.21370 8
80.22037 -39.78019 3
-112.89414 -49.41938 0
77.82811 -1.47667 3
61.01330 -81.33188 9
-3.98117 -39.18838 6
-106.92081 -96.33992 0
28.34079 95.46333 1
30.27182 89.07277 1
-14.45926 -48.29271 6
90.68628 -4.16336 3
-95.41990 -59.27665 8
67.37637 -34.98077 3
43.72567 -12.98479 3
95.23114 -16.71395 3
71.10021 -31.18591 5
-58.76204 -68.71781 0
27.74243 -54.33996 9
-70.50020 -92.15648 0
-5.72260 63.88554 0
24.42947 -61.28569 4
-39.36673 89.19584 7
69.12765 -27.23695 1
97.73802 -35.72016 9
87.21275 -25.23225 5
-115.41004 82.19720 5
83.04790 31.62305 1
-139.21926 55.14442 5
-101.25296 -77.36611 0
-36.07315 -21.38030 9
-104.80830 20.96249 8
66.07467 -62.83344 9
-17.57535 -50.51402 6
-36.48193 67.47658 7
-23.32393 -59.80302 4
69.99743 -33.15300 3
14.32922 31.04639 8
-97.92409 -86.62535 0
-18.17201 -56.42759 6
-64.49123 -86.79808 0
25.69889 -64.84458 9
87.34452 -63.48154 9
-94.45254 -104.67009 0
6.84065 85.34661 7
-115.40467 -77.52663 0
72.32824 -31.03439 3
-38.54493 -43.44035 6
79.38931 1.31760 1
-29.84928 -21.48116 4
78.46536 -28.00153 3
86.72606 -23.22541 3
62.92505 -74.71330 9
-111.78326 82.10443 5
38.11120 -11.83685 9
-111.23000 56.69924 5
28.66011 100.75896 2
0.21978 90.88625 7
34.92402 72.62333 7
-113.92943 75.31971 5
-39.78181 -59.65202 4
-8.41230 63.36495 0
-133.65211 65.20382 5
99.13684 -55.39185 9
25.23894 -70.67838 5
2.60178 84.20166 2
-38.00027 -37.87504 6
-19.11806 -23.86653 4
56.26091 79.22979 2
63.71099 -61.73027 5
70.66034 -34.81676 3
38.76994 61.86330 7
14.94107 -47.71383 4
-95.14424 -20.57155 8
-63.02651 -71.48463 6
27.75231 20.25421 7
-51.86493 85.58937 7
-109.49586 -83.53918 0
67.81901 -37.32263 3
-35.83036 -43.58813 6
9.09948 -66.22610 9
96.09493 -2.52126 1
12.99045 -66.64243 4
46.91901 96.85713 2
72.15706 -35.90183 3
-15.43282 -30.69794 6
71.77827 -18.12300 3
71.21879 -35.85028 5
78.19625 -28.99633 3
-17.99371 -49.67709 6
-83.91618 49.19477 8
-33.65037 -37.98605 4
14.12512 -65.91324 4
-8.42314 -59.69218 4
-131.41207 -22.58492 8
-28.92432 93.36523 7
-8.98176 -6.19770 6
35.59770 93.66743 1
82.52617 -18.59112 3
22.42038 105.88926 2
-28.46318 -37.93094 6
33.54206 30.34083 9
-5.16824 -54.70762 6
78.41300 8.25967 7
26.68408 88.75649 7
82.35096 -29.84804 3
43.48099 -63.82761 9
-45.68548 57.26925 8
76.28816 -26.28075 3
9.91327 -61.64839 4
-75.81205 -11.58002 8
-15.11363 -24.14465 4
-109.92629 -68.52077 0
-73.95754 -87.31541 0
90.04528 -19.48775 3
0.94089 96.18126 2
48.51444 42.20987 2
2.31820 -75.80609 4
65.41256 -36.87363 3
72.93074 -28.85822 3
22.47540 -58.92637 9
62.86642 -54.76033 5
56.66155 -57.67301 9
-37.63871 -49.99916 6
12.24088 87.87129 2
19.79500 -87.89947 9
8.12297 -16.32665 4
15.27374 9.02813 7
22.52394 100.25088 2
48.61015 -16.83785 3
70.88986 -20.26330 5
84.12742 8.33961 1
66.50232 93.90131 2
-98.02077 50.99234 8
0.80580 -80.45242 4
83.66888 -29.95722 3
-13.59688 -32.19491 6
-30.33757 72.99698 7
-7.06408 -74.98462 4
42.89484 -30.56902 1
3.07197 12.99325 8
8.68004 91.62167 2
-110.00398 78.76914 5
77.70125 -49.19222 9
57.03149 103.58386 2
-88.50724 -8.47982 8
10.24845 92.26117 2
-83.82407 -85.78679 0
5.32436 95.23472 2
90.25000 -28.46406 3
57.48890 4.59904 1
-45.99041 -49.06819 4
29.49336 80.07658 2
80.73501 17.34162 1
-35.39172 86.88703 7
41.66880 -37.39140 1
-1.35277 93.38140 7
22.85926 -27.88716 6
7.79665 11.43647 6
-91.00742 6.43340 8
15.92339 107.24784 1
-15.45961 8.07481 8
-13.94698 -46.31963 4
48.76014 -62.64089 5
-119.84143 -3.46853 8
50.00493 -80.43264 9
-125.23819 69.84552 5
-48.02406 50.02515 8
-6.62477 -64.44232 4
7.54065 -40.34237 6
-1.53788 75.84131 7
-1.54153 104.57596 2
32.64349 89.83442 1
39.13287 84.43880 1
36.71589 31.67530 1
-76.60515 -84.83949 0
73.61354 -72.12053 9
-111.49929 -60.33437 0
74.65913 -76.04716 9
-20.66502 -48.69490 4
-5.16192 -50.62216 6
-19.75528 -59.59669 6
-10.50869 -47.52656 4
-3.46966 33.37668 6
73.25039 -32.61253 3
46.21810 5.40654 1
19.35905 -59.53603 4
-87.85832 -87.25758 0
76.00792 -27.67655 3
-13.45298 -56.53402 0
75.61018 -1.02200 1
75.32560 -6.07251 3
-10.27844 -44.19599 4
-19.39904 -19.45939 6
81.37614 -2.09356 3
-22.82238 -22.49805 4
-28.44582 63.79575 7
-105.23557 -82.25130 0
-22.17889 -61.76132 6
-85.97163 -53.18197 8
9.08577 92.36700 2
47.98165 79.21145 7
37.79893 -75.39041 9
-5.75873 -54.97636 6
-1.33304 -31.16709 6
2.05994 82.65874 2
51.12885 -90.23616 9
25.25688 106.67555 7
58.54669 -52.22282 5
-21.68254 -20.75604 6
76.48437 -34.49056 3
75.20288 -35.84431 3
22.44781 -89.15282 4
75.26286 14.59680 1
-15.15633 -49.68483 6
-30.82499 38.76031 8
69.66360 -28.88687 3
-22.05918 -24.38482 6
-3.88576 -41.95962 6
87.39303 -18.68682 5
-95.33676 93.37327 5
74.76622 82.17671 1
68.02256 -69.93569 9
20.66152 89.39428 2
-4.36388 -28.37681 4
30.16683 78.51753 7
1.96860 22.27578 1
77.27788 -55.77934 9
80.59176 2.40979 1
-12.20120 -56.06230 6
3.42419 -43.80793 4
59.59532 -36.55190 5
81.67188 -30.44821 3
76.46311 1.68771 7
-96.22985 -26.78329 0
-131.71529 64.30419 5
-10.93141 -18.49266 6
-14.55599 -55.98152 6
-128.49192 46.36085 5
-12.50784 81.03943 2
-20.93808 -15.76398 6
12.36324 -74.49551 4
-25.85834 -52.72828 4
-9.08742 78.69987 2
-15.91190 88.99108 7
-37.54619 -60.07543 6
-61.27305 45.34464 8
-94.38263 -82.69226 0
-31.75155 -51.57308 6
81.12236 -20.82072 3
-16.59263 -12.66923 6
82.92829 -22.19386 3
67.41299 -9.67986 1
-6.21553 -47.53524 6
5.37070 82.26988 7
51.87543 -66.15231 9
80.14337 10.05550 1
14.17850 -61.86253 4
-136.15013 55.69413 5
62.88007 -14.36161 3
-4.38880 15.54179 6
31.57176 103.03979 2
35.30018 94.24366 1
89.68022 -2.98746 3
10.97552 -81.42216 4
18.55321 80.58882 2
74.54756 -74.23111 9
-11.90726 -0.41902 6
-93.63642 -93.27975 0
64.19117 -47.76012 9
79.96026 23.11629 1
78.83798 -2.45668 1
-92.38598 -88.74955 0
70.00285 -36.91074 3
71.62517 -58.64128 9
-10.00058 -38.69801 4
71.40855 -8.88638 1
26.06437 19.25253 1
79.42443 -30.33786 3
-10.98218 -26.10711 6
51.73417 49.52834 7
6.10492 -57.07500 4
-130.86029 58.94026 5
58.33870 -83.68999 9
79.22960 -14.04848 3
41.28151 -9.80707 9
-1.44948 105.16346 2
47.86228 -58.25589 9
-11.62235 14.32545 6
44.59026 -37.65098 5
-25.19374 -60.41731 6
-24.00639 13.10384 9
31.23186 91.82816 2
63.69318 -88.14514 9
49.88017 75.33097 2
63.25057 -31.71754 9
63.43486 -20.82605 1
13.86422 -67.40238 4
-48.13317 52.94643 8
85.00764 -55.54773 9
-104.33682 88.28510 5
63.89642 -14.44788 1
-32.97946 81.87196 7
-6.79833 7.63852 6
82.21873 9.64567 1
-101.89734 -81.10578 0
43.24230 100.49236 2
-94.02560 -83.45693 0
-1.84302 -44.30080 6
49.04757 3.78113 1
74.85465 -33.22280 3
87.52486 -8.56126 3
81.05554 -21.60309 3
43.72654 -25.00037 9
-21.35658 -50.00465 6
78.19069 3.76707 1
68.23813 -0.05363 1
77.94765 -27.11695 3
-17.01446 -44.53688 4
75.39988 -19.51210 3
57.14972 -6.62751 1
-12.01942 95.30632 7
-21.70861 -1.96582 6
59.48415 -23.28351 5
-7.88716 -23.15275 6
-20.45763 -39.76467 4
23.99691 96.19639 7
79.35245 -26.30184 3
5.61822 -55.42575 4
27.22819 -48.86218 9
81.52586 -7.53429 1
-14.61930 -72.72356 4
37.14101 -60.59271 5
53.23260 93.37242 2
10.78643 92.85783 1
-107.37592 -83.18699 0
86.80616 5.26739 1
-46.48076 48.89979 8
-98.26036 -29.44968 0
57.46751 -21.27997 3
-17.80331 -22.73956 6
32.09696 97.25863 2
9.44898 104.77075 2
60.86590 -33.54965 1
2.46970 71.42624 7
72.21358 -27.74704 3
-38.50967 -31.77710 6
70.80609 91.23529 1
4.11675 98.01140 2
-47.76832 78.66005 7
-101.18145 -14.34756 8
-96.58294 8.03142 8
66.55032 99.94947 1
-14.77366 -26.08032 4
90.15741 -52.51690 9
3.38307 -64.31000 4
-108.13350 -91.43863 0
86.40822 -20.24932 3
78.91837 -68.85438 9
-31.79702 -49.05212 6
-6.46605 22.78211 8
76.80833 -57.77165 9
-74.86522 -51.94368 8
37.39968 23.29065 9
75.63360 -3.77010 1
56.72812 -14.54861 3
